&amp	34
0	2
0i	27
0si	11
0t	86
1	15
10	22
1000	2
10000	3
100016	1
10005	1
10006	1
100065	1
100091	1
100136	1
100143	1
10019	1
10026	1
100268	1
100287	1
100294	1
100302	1
100330	1
100418	1
100432	1
100479	1
100506	1
100514	1
100685	1
100762	1
100771	1
10078	1
100786	1
10083	1
100849	1
100852	1
100891	2
10090	2
10091	1
100985	1
10101	1
101046	1
101135	1
101147	2
10121	1
10139	1
101448	2
101485	1
101508	1
101522	1
101534	1
101601	1
10164	2
10171	1
101741	2
101774	2
101892	1
101923	1
10195	1
101991	1
101996	1
101999	1
1020	1
102000	1
102010	1
102069	1
102076	1
10210	1
10213	1
10217	1
10230	2
10236	1
10238	1
102394	1
10244	1
10249	1
10250	1
102507	1
10251	1
102597	1
102685	1
102694	2
10270	1
10271	1
102729	1
102745	1
10286	1
102865	1
102896	1
10296	1
102989	2
103010	1
10302	1
103021	1
103057	1
10309	2
103095	1
10313	1
103137	1
103176	2
10327	1
103330	1
103335	1
10337	1
10339	1
103423	1
103427	1
103429	1
103468	1
103477	1
103568	1
103585	1
10369	1
103700	2
10371	1
103735	1
10375	1
103856	1
10386	1
103900	1
10391	1
103917	1
103921	2
10395	1
10399	1
104	1
10405	1
104075	1
10414	1
104148	1
10415	1
10419	2
10420	1
104236	1
104248	1
104259	2
10431	1
10435	1
104364	1
104373	1
10438	1
104416	2
104425	1
10443	1
10446	1
10450	2
104571	2
104616	1
104627	1
104638	1
104722	1
10475	1
104758	1
10479	1
104806	1
10483	2
104858	1
10490	2
10495	10
104962	1
104972	1
10498	1
10499	1
10500	3
105073	1
105107	1
105150	1
105219	2
105224	1
105274	1
105277	1
10534	1
10537	1
105378	1
10545	1
105486	1
10550	1
105506	1
105554	1
105568	1
10557	2
105599	1
105625	1
105632	2
10564	1
10567	1
10570	1
105705	1
10580	1
105818	1
10583	1
105836	1
105837	1
10584	2
105886	1
105900	1
105922	1
10599	1
105996	1
106000	2
10601	1
106055	1
106086	1
106101	1
10624	1
106353	1
106371	1
106419	2
106451	1
10648	2
106569	1
106581	1
10659	1
106714	1
10678	1
106792	1
106828	1
106869	1
106898	1
10690	1
106953	2
10699	1
10700	1
10703	1
10704	2
10714	1
107156	1
107162	1
107261	1
107314	1
107365	1
107382	1
107400	1
10742	1
107451	2
107488	1
10750	3
107517	1
10752	1
107538	1
107620	1
107793	1
107804	1
10786	1
10790	1
107923	1
10799	1
10800	2
108002	1
108033	1
108051	1
10806	1
10809	1
10812	1
108121	1
108159	2
10823	1
10827	1
10828	1
10833	1
108343	1
108454	1
10850	2
10854	1
10855	1
10857	1
108651	1
108661	2
108689	1
10870	1
10872	1
108736	1
108846	1
10886	1
108893	1
10899	1
10900	13
109004	1
10902	1
109024	1
10903	2
10912	1
109124	1
109138	1
10914	1
109159	1
10916	1
10930	1
10931	1
10935	1
10936	1
10947	1
109479	1
10949	2
10950	6
10953	1
10955	1
109575	1
10958	2
10964	1
10969	1
10977	1
10978	1
109801	1
109825	2
10983	1
10985	1
10987	1
10988	1
109888	2
10989	1
10990	7
109900	1
10991	1
10992	2
109922	1
109937	1
10994	1
10995	41
10996	2
10997	1
10998	9
109987	1
109989	1
10999	3
109995	2
11	9
11000	12
11003	1
11012	1
110152	1
110176	1
110187	1
11030	1
110346	1
11036	1
11043	1
11045	1
110481	1
110498	2
11051	1
11052	1
11056	1
110593	1
110680	1
110709	1
11079	1
11080	1
110807	1
11090	1
11092	2
11093	1
11095	1
110980	1
111016	1
11116	1
111162	1
111188	1
11120	1
11124	1
111243	1
111261	1
111281	1
11129	1
11130	1
111475	1
11160	1
11164	1
111883	1
11194	2
11199	1
11204	1
11206	1
112124	1
11214	1
11222	1
11223	1
112244	1
112278	1
112370	1
112428	1
112431	1
112511	1
112525	2
112537	1
112583	1
112587	1
11259	1
11262	1
112688	2
112690	1
11283	1
11286	1
11289	1
11290	1
11294	1
112982	2
11299	1
113000	1
113082	2
11317	1
11318	1
11321	2
11324	1
11338	1
11339	2
113434	1
113478	1
113488	1
11349	1
113494	1
11358	1
113595	2
11366	1
113695	1
113720	2
11381	1
113856	1
11386	2
113872	1
11392	1
11395	1
11398	1
113989	1
11399	1
114	1
11400	2
114043	2
11411	1
114122	1
114125	1
114171	1
11419	1
11420	2
114203	1
11421	1
114215	1
11427	1
11428	1
114343	1
11439	1
1144	1
11440	1
11441	1
11444	1
11449	1
11455	1
11456	1
11457	2
114597	1
114637	2
11464	1
11465	1
11469	2
114703	1
114714	1
114806	1
114856	1
11489	1
114894	1
11490	1
11495	11
11500	3
115000	2
115004	1
11502	3
115034	1
115126	1
11517	1
11521	2
115247	1
11525	1
115309	1
11531	1
115335	1
115383	1
11539	1
11541	1
11555	1
115552	1
11557	1
11565	1
11566	1
115729	1
11574	1
11577	1
115799	1
11585	1
115867	1
11587	1
115895	1
11593	1
11595	3
11598	1
116000	1
11604	1
11606	1
11610	1
11614	2
11616	1
11617	1
116344	1
116442	1
116455	1
11646	1
11648	1
116503	1
11656	1
11658	1
11664	1
11670	2
11674	1
116779	1
116809	2
116861	1
11695	3
11696	1
11697	1
116979	1
117027	1
117041	1
11715	2
117204	2
11721	1
117229	1
117287	1
117340	1
117357	1
117428	1
11743	1
117450	1
117471	1
11758	1
11763	1
117638	1
117668	1
117711	1
11772	1
117741	1
11777	3
11784	1
11795	1
117957	1
11797	1
11799	3
11800	2
11805	1
118130	1
11814	1
118225	2
118254	1
11826	1
11827	2
118273	2
118285	1
11834	1
118340	1
118384	1
11843	1
11850	1
118560	1
11864	2
118645	1
11867	1
11874	1
11875	1
11877	1
11883	1
11885	1
11886	6
11888	5
11889	1
11890	3
118935	1
11895	2
11896	1
11898	1
11899	1
11900	3
119000	1
11905	1
11908	1
11914	1
119147	1
119164	1
11920	1
11922	1
119221	1
11931	1
11935	1
119351	1
11948	1
11949	1
11950	11
11960	1
119621	1
11970	1
11971	1
11977	4
11983	1
11985	8
11987	2
11988	1
11989	1
11990	7
119900	2
11994	4
11995	49
11997	2
119971	2
11998	6
11999	4
12	15
12000	6
120000	1
12002	1
12013	1
120153	2
12017	1
120171	1
120199	1
1202	1
120296	1
12039	2
12045	1
120525	1
120548	1
12056	1
120641	1
12077	1
120849	1
120853	1
12088	1
120885	1
12089	1
12094	1
12095	1
120958	1
12100	2
121027	1
12105	1
121171	1
121204	1
12124	1
121294	1
121302	1
121316	1
121366	1
12137	1
12140	1
121436	1
12152	1
12154	1
12155	1
12165	1
12174	1
121845	1
12185	1
121897	1
12191	1
12194	2
121949	1
12199	1
122082	1
12211	1
122114	1
122251	1
122336	1
12241	1
12243	1
122459	1
12248	1
122518	1
122663	2
122665	1
122668	1
12270	1
12281	1
122844	1
122892	1
12290	1
122900	1
12291	2
12294	1
12300	1
12303	1
12305	1
123066	1
123079	1
123199	1
123254	2
123284	1
12333	2
12334	1
123421	1
123468	1
123476	1
12349	1
12355	2
12362	1
12363	3
123670	1
12377	1
123771	1
12382	1
12384	1
12386	2
12387	3
12388	2
12389	2
12395	2
123968	1
12398	1
123984	1
12399	3
12400	2
12411	1
124116	1
12421	1
124214	1
12428	2
12431	1
124328	1
12434	1
12437	1
12450	2
12453	1
124542	1
12458	2
12464	1
124759	1
12477	2
12481	2
12483	1
12486	1
12487	1
12488	1
124896	1
12490	2
12491	2
12495	10
12497	5
124983	1
12500	10
12503	1
12506	1
12510	1
125139	1
125168	1
125191	1
12541	1
12542	1
12549	1
12555	1
12557	1
12563	1
125654	1
12566	1
125696	1
125697	2
125831	2
12584	2
12587	1
12590	1
125900	1
12595	2
12598	1
125998	1
12603	1
126100	1
12624	1
126319	1
126341	1
12639	1
12641	1
12644	1
12646	1
12649	1
12650	3
12656	1
126562	1
12663	1
126744	1
126752	1
12676	1
126765	1
12678	1
126844	1
126862	1
12697	1
12700	3
12710	1
127147	1
12720	1
127231	1
12725	1
127354	1
12739	1
127404	1
12742	1
12745	1
12748	1
127534	1
12755	1
127562	1
12764	1
127670	1
127835	1
12784	1
127880	1
12789	1
12797	1
12798	1
12799	1
12800	1
128004	2
12808	1
128100	1
128168	1
128187	1
12826	2
12832	1
12834	1
128414	1
128436	1
12848	2
1285	1
12850	1
128579	1
12860	2
12874	1
12877	4
128770	1
12879	1
12880	1
128856	1
12886	4
12887	2
12888	1
128899	1
12890	2
12895	3
12898	1
12899	3
128i	7
12900	14
12908	1
129120	1
12920	1
12922	1
12923	1
129237	1
12929	1
129318	1
12935	1
129398	1
12945	1
12946	3
12948	1
12950	9
12960	1
129606	1
12963	1
12968	1
129691	1
12970	1
12977	12
129772	1
12983	1
12984	1
12985	10
12986	1
12987	3
12988	1
12989	1
12990	4
12992	3
12994	4
12995	56
12997	2
129975	1
12998	10
12999	7
13	2
13000	8
13012	1
130306	1
13036	1
13043	1
13051	1
13057	2
130625	1
13063	1
13072	1
13082	1
130825	1
130829	1
130870	1
13092	1
131000	1
131019	1
131072	1
131098	1
13110	1
13119	1
13134	1
131390	1
131489	1
13157	3
131661	1
13183	2
131859	1
13190	2
131959	1
13200	2
13202	1
13219	1
132198	1
13220	1
132353	1
13238	1
132393	1
13244	1
13257	1
13265	1
13266	1
13276	1
13278	1
13287	1
13289	1
132895	1
13290	1
13291	1
132940	1
132969	1
132970	1
13310	1
13315	2
13319	1
133225	1
13324	1
133303	1
13333	1
13338	1
133406	1
13345	1
133461	1
13353	1
13360	1
13361	1
133621	1
13373	1
13377	1
13385	1
13386	1
13387	2
133871	1
13388	1
13395	2
13399	1
13400	2
13401	1
13402	1
13412	1
13414	1
134191	1
134221	1
13423	1
13439	1
13443	1
13444	1
13450	4
13458	1
13477	3
13482	1
13488	1
13489	2
13490	1
13491	2
13494	3
13495	13
13496	2
13498	1
13499	2
134995	1
13500	12
13503	1
13504	1
135124	1
13524	2
13533	1
13539	2
13549	1
13555	1
13557	1
13566	2
13570	1
13573	1
13575	1
135831	1
13585	1
13588	2
13590	1
13592	2
135932	1
13595	4
135989	1
135995	2
13600	3
13607	1
13611	1
136124	1
13613	1
136158	1
136161	1
136205	1
13632	2
13635	1
13647	1
13648	1
13656	1
136656	1
13675	2
13676	1
1368	1
13682	1
13683	1
13688	2
13689	2
13692	2
13695	1
13698	2
13699	1
136995	1
13700	2
13704	1
13716	1
13719	1
13720	1
13730	3
13735	2
13750	4
13751	1
13759	3
13760	1
13761	1
137699	1
13770	1
13775	2
13776	1
13777	6
13784	1
13786	1
13788	2
137900	1
137960	1
13800	1
13805	1
13809	1
13812	1
138130	2
13817	1
13826	1
138296	1
13832	1
13835	2
13848	1
13850	1
13854	1
138555	1
13857	1
13859	2
13871	1
138721	1
13874	1
13877	2
138793	1
13884	1
13885	2
13886	3
13889	1
138892	1
13895	4
13897	1
13899	2
13900	17
13915	1
13920	1
13932	1
13940	1
13941	1
13945	1
13948	2
13950	9
139566	1
13959	1
139605	1
13963	1
139669	1
13968	1
13970	1
139739	1
13974	2
13976	1
13977	11
13978	1
13980	3
13981	1
13982	1
13983	1
13984	2
13985	4
13987	2
13988	4
13989	1
13990	10
13991	1
13992	2
13993	2
13994	7
13995	69
13997	6
139979	2
13998	6
13999	10
14	5
14000	13
14002	1
14004	2
14007	1
14010	1
140194	1
140219	1
14023	1
14030	1
14035	1
14039	1
140398	1
14043	1
14045	1
14048	1
140518	1
140525	1
1406	1
14069	2
14071	1
140725	1
140816	1
140832	2
140843	1
14089	1
14090	1
14108	1
14116	1
14117	1
14122	1
14129	1
14132	1
141380	1
14141	1
14142	1
141516	2
14153	1
141612	1
141630	1
14165	1
14168	1
14171	1
14177	2
14184	1
14193	1
14205	2
142181	1
14228	1
14231	2
14239	1
142422	2
14244	1
14252	2
14258	1
14262	1
14269	1
14271	1
14272	1
14274	1
14283	1
14284	1
14285	1
14286	1
14288	1
14292	1
14295	3
14297	1
142980	1
14300	1
143001	1
143067	1
14310	1
143121	1
143161	1
14320	1
143252	1
14336	3
14337	1
14349	1
14350	1
14351	1
14356	1
14362	1
14365	1
14371	1
143781	1
14379	1
14380	1
14386	2
14389	1
14394	1
14395	4
14399	1
1440	2
14401	1
14402	1
14404	1
14421	1
144244	1
14430	1
14431	1
14444	1
14445	1
14449	1
14450	3
144561	1
14465	1
14468	2
144683	1
14471	2
14473	1
14477	2
14484	1
14486	3
14488	1
144900	1
14491	1
14494	1
14495	11
14498	1
14499	4
144995	2
14500	14
145033	2
14509	1
14510	1
14518	1
14520	1
145226	1
14527	1
14530	1
14535	1
14542	2
14544	1
14552	1
14569	1
14580	1
145864	1
145875	1
14588	2
14589	1
145923	1
14594	1
14595	5
14598	3
14599	2
14601	1
146162	1
14617	2
14620	1
14630	1
146386	1
14644	2
14648	1
14649	1
14650	2
14668	1
14670	1
14672	1
14675	1
14680	1
14683	2
14689	1
14695	4
14699	1
14700	5
147101	1
14712	1
14714	1
147228	1
147261	1
14728	1
14736	1
14750	2
14756	1
14758	1
14760	1
147718	1
14772	2
147728	1
14777	8
14780	1
14784	1
147888	1
14789	1
14794	1
14795	5
14796	1
14799	4
14800	4
14801	2
14804	2
14818	1
148245	1
1483	1
14839	1
14845	2
14848	1
14849	1
14850	5
14851	1
14857	1
148645	1
14870	1
14873	1
14875	1
14877	1
14878	1
14880	3
14886	1
148871	1
14888	3
14890	1
148925	1
14894	1
14895	2
14896	1
14897	2
14898	2
14899	2
1490	1
14900	6
14901	1
14904	2
14906	1
14914	1
149145	1
14922	1
14930	1
14931	1
14932	2
14933	3
14935	2
14936	1
14937	1
149389	1
14944	2
149452	1
14946	1
14950	15
14967	1
14968	1
14969	1
14970	1
14974	1
14975	1
14977	4
14978	1
14980	2
14983	1
14985	4
14986	1
14987	2
14988	6
14990	21
14991	3
14992	2
14993	2
14994	3
14995	90
14997	7
14998	15
14999	8
149995	3
15	1
150	66
1500	111
15000	23
15005	1
15011	1
15014	1
15032	1
15041	1
15048	1
15050	2
150518	1
15052	1
15059	1
15081	1
15090	1
15095	1
15097	1
15100	1
151154	1
15124	1
15131	1
15139	1
15140	2
15149	1
1515	1
15164	2
151660	1
15168	1
151713	1
15172	1
15175	1
15178	1
15181	1
151931	1
151962	1
15204	1
152097	1
15214	1
15216	2
15224	1
15245	1
15249	1
15252	1
15277	1
15284	2
15286	1
15287	1
15290	2
15294	1
15296	2
15299	1
15305	1
153143	1
15318	1
153264	1
15344	1
15352	1
15355	1
153586	1
15360	1
15362	1
15365	1
15370	1
15381	1
15390	2
15395	3
15399	2
15400	4
15402	1
15404	1
15406	1
15410	1
154100	1
154145	1
15423	1
15428	2
15429	2
1543	2
15430	2
15431	1
15434	2
15436	1
15442	1
15444	2
15450	2
15456	1
15459	1
15461	1
15463	1
15465	1
15466	1
15473	1
15474	1
15477	1
15478	2
15479	1
15480	2
15483	1
15485	1
15488	2
15493	1
15495	12
15499	3
15500	12
15501	2
15506	1
155076	1
15510	2
15513	1
15525	3
15528	1
155322	1
15533	1
155358	1
15549	1
15554	2
15555	4
15562	1
15564	1
15576	2
15588	1
15589	1
15595	6
15596	1
15598	3
15601	1
15606	1
15619	2
156230	1
1563	1
15635	1
15643	1
156463	1
15650	1
15652	1
15655	2
15664	1
15665	1
15667	1
15670	1
156834	1
15686	1
15687	2
15688	2
15689	1
15695	2
15699	1
15700	1
15701	1
15702	1
15712	1
15718	1
157209	1
15727	1
15728	1
157337	1
15738	1
15750	3
157540	2
157543	1
15755	1
15760	1
15772	1
15775	1
15777	8
15784	1
157860	1
157865	1
15789	1
15792	1
15793	1
15794	1
15795	1
15798	3
15800	2
15814	1
158164	1
15818	1
15822	1
15824	1
15835	2
15838	1
15843	1
15849	1
15850	2
15854	1
15855	1
15858	1
15877	2
15883	1
15886	1
15888	7
15889	2
15890	1
15892	1
15895	6
158989	1
15899	5
15900	19
15902	1
15907	1
15909	1
15913	1
159169	1
15920	1
15922	1
15929	1
15934	1
15935	1
15945	1
15948	1
15949	2
15950	11
15955	1
15963	1
15965	1
15969	1
15970	2
15972	1
15973	2
15977	23
15979	1
15982	1
159840	1
15986	2
15987	2
15988	4
15990	12
15991	1
15992	4
159939	1
15994	2
15995	79
15996	3
15997	8
15998	20
15999	13
16	2
16000	28
160095	1
16030	1
16032	1
16034	1
16044	2
16047	1
16050	2
16051	4
16052	1
16074	1
16081	2
16084	1
16085	1
16089	1
16105	1
16115	1
16122	1
161245	2
16125	1
16127	3
161341	1
16142	1
161500	1
16155	2
16160	2
161695	2
16170	1
16180	1
16182	1
16186	1
16191	1
162	1
16200	2
16205	1
16211	1
16220	1
16222	2
16223	1
16250	1
16256	1
16258	2
16262	2
162650	1
16277	1
16279	1
16285	2
16288	1
16295	5
16300	1
16311	1
163208	1
16327	1
16329	1
16334	2
16343	1
16345	2
16351	1
16354	1
16356	1
163575	1
16369	2
16395	2
16399	1
16400	1
16427	1
16441	2
16442	2
16444	2
16450	3
16471	1
16477	2
16481	1
16483	1
16485	2
16487	1
16488	4
16491	3
16492	1
16495	16
16498	1
16499	3
16500	15
165068	2
16510	2
165120	2
16513	1
16514	1
16517	1
16521	1
165257	1
16527	1
16528	1
16530	1
16535	1
16553	1
16555	3
165552	1
16558	1
16574	1
16577	1
16578	1
16585	2
16592	1
16594	1
16595	3
166057	1
16608	2
16628	1
16638	2
166560	1
16660	1
16665	1
16666	2
16669	1
16673	1
16676	1
16679	1
16683	1
16688	1
16694	2
16695	1
16696	3
16698	1
16699	2
16700	3
16704	1
16707	1
16708	2
167085	1
16716	1
167215	2
16725	2
16727	1
16730	1
16750	1
16773	1
16775	2
16777	6
16778	1
167858	1
16788	1
16792	1
16795	7
16800	3
16818	1
1683	2
168346	1
16838	1
16843	1
16850	2
16854	2
16856	1
16857	1
16864	1
1687	1
16872	1
16874	1
16875	2
16877	3
16880	1
16883	2
16886	6
16887	1
16888	9
16889	2
1689	1
16890	1
16895	4
16898	1
16899	3
16900	12
16904	2
16907	1
16909	1
16910	1
16912	4
16917	1
16921	2
16922	1
16923	1
16925	1
16931	1
169324	1
16935	2
169353	1
16944	1
16945	1
169481	1
16950	8
16952	1
16954	3
169576	1
16959	1
16963	1
16973	2
16974	1
16975	1
16977	10
16979	1
16980	1
16983	2
16985	1
16986	2
16987	2
16988	5
16989	1
16990	18
16991	5
16992	5
16993	1
16994	5
16995	87
16996	2
16997	3
16998	11
169985	1
16999	17
169995	1
17	1
1700	1
17000	16
17002	1
17009	2
17012	1
17013	1
17017	2
17022	1
17025	1
170398	1
170411	1
17042	3
1705	1
17051	1
17056	1
17063	1
17066	1
17077	1
17078	1
17089	1
17091	1
17100	2
17106	1
17111	2
171124	1
17116	2
17117	1
17120	2
17126	1
17155	1
17164	1
17165	1
17168	1
17173	1
17185	1
17186	2
17192	1
17195	1
17200	2
17201	1
17202	1
17206	1
17216	1
17224	1
17230	1
17243	1
17260	1
17268	2
17272	2
17281	1
17283	1
17284	1
17285	1
17286	1
17287	1
17295	10
172952	1
17298	3
17301	1
17315	1
17316	1
17317	1
17320	2
17330	1
17333	1
17337	1
17354	1
17356	1
17358	1
17362	1
173636	1
17364	1
17369	1
17370	1
17390	1
17392	1
17395	2
17399	1
17400	4
17408	1
17410	1
17413	1
17418	1
17419	1
174350	1
17444	2
17445	1
17446	1
17448	1
17450	2
17451	1
17455	2
17459	1
17463	1
17465	1
17473	1
17477	2
17479	1
17480	1
17490	2
17491	1
17492	3
17494	1
17495	13
17497	1
17498	2
17499	1
17500	20
17503	1
17508	1
17511	1
17518	1
17525	1
17527	1
17530	1
17532	1
17533	1
17535	2
17543	1
17545	2
17548	2
175483	1
17550	1
17551	1
17555	4
17559	1
17572	1
17577	1
17578	1
17586	1
17588	1
17590	2
17593	1
17595	8
17599	3
17600	4
17605	1
17611	1
17614	1
17616	1
176214	1
17629	1
17635	2
17638	1
17639	1
17650	2
17651	1
17653	1
17663	2
17669	1
17675	2
17677	2
17684	1
17686	1
17689	2
17690	2
17691	1
17693	1
17695	1
17698	1
17699	1
17700	4
17710	1
17713	1
177157	1
17718	1
17720	2
17729	3
177309	1
17744	1
17745	1
17750	1
17754	1
17755	2
17766	1
17768	1
17769	1
17773	1
17776	1
17777	7
1778	2
17788	1
17790	1
17791	1
17792	1
17799	1
17800	4
17802	2
17812	1
17814	1
17815	1
178152	1
17819	1
17823	1
17832	1
17835	1
17839	1
17845	5
17849	1
17850	4
17852	1
178576	1
17858	1
17859	1
17861	1
178654	1
17867	1
17873	1
1788	1
17883	2
17885	1
17886	6
17888	7
17889	1
17890	1
17892	1
17895	2
17900	22
17911	4
17912	4
17913	1
17918	1
17922	1
17924	1
17925	1
17939	1
17941	1
17942	2
17944	2
17950	13
17954	1
17955	1
17962	1
17963	1
179681	1
17971	1
17974	1
17977	4
17980	6
17985	3
17986	2
17987	2
17988	4
17989	4
17990	10
17991	6
17992	7
17993	3
17994	3
17995	83
17997	3
17998	29
17999	14
179999	1
18	1
1800	1
18000	28
18003	1
18005	2
18008	1
18011	1
18025	1
18036	1
180383	1
18041	1
1807	1
18078	2
18082	1
18086	3
18089	1
18096	1
18114	1
18122	1
181465	1
18150	3
181566	1
181600	1
18161	1
18174	1
18177	1
18182	1
18185	2
18190	2
18211	2
18213	1
18215	1
18227	1
18228	1
18230	2
18233	1
18237	1
18240	1
18244	1
18245	1
18247	1
18252	1
18255	1
18256	1
18269	1
18273	1
18276	1
18278	1
18286	1
18289	1
18295	1
18300	2
183078	1
18311	1
18312	2
18314	3
18324	2
18333	1
18336	2
18338	1
18345	1
18349	2
18350	1
183656	1
18367	1
18369	1
18371	1
18377	1
18382	1
18386	2
18389	2
18391	2
18395	7
18396	2
18400	1
18402	2
18406	2
18407	1
18408	2
1841	1
18413	1
18415	4
18416	1
18420	1
18428	1
1843	1
18430	3
18432	1
18444	3
18445	2
18447	1
18448	1
18450	1
184534	1
18455	1
18459	1
18462	2
18465	1
18466	1
18468	2
18473	1
18475	1
18478	1
18481	1
18483	1
18488	1
18490	1
18491	1
18495	16
18497	2
18499	2
18500	9
18501	1
18506	1
18511	1
18517	1
18518	1
18549	1
1855	3
18551	2
18555	2
185619	1
18567	1
18571	2
18572	2
18583	3
18587	1
18588	1
185898	1
1859	1
18591	1
185913	2
18593	1
18595	3
18596	1
18599	1
18600	1
18601	2
18603	1
18612	1
18625	2
18629	1
1863	1
18631	1
18635	1
18645	1
18646	1
18650	2
18662	1
18665	1
18667	1
18674	1
18682	2
18688	1
1869	1
18691	2
18695	3
18699	2
18704	1
18705	1
18712	1
18718	1
18725	1
18729	2
18731	1
187339	1
18750	3
18753	1
18755	1
18764	2
18770	1
18771	1
18773	3
18775	2
18776	2
18777	6
18779	2
18780	1
18783	2
18784	1
18785	1
18790	1
18792	2
18793	2
18794	1
18795	5
18797	1
18798	1
18800	4
18810	1
18813	1
18823	1
188253	1
18836	1
18840	1
18841	1
18844	1
18850	1
18851	1
18852	1
18856	1
18858	1
1886	1
18863	1
18865	1
18869	1
18871	1
188734	1
18881	1
18883	2
18884	1
18885	1
18886	2
18887	1
18888	11
18892	1
18895	2
18897	1
18899	1
1890	1
18900	14
18904	2
18907	2
18910	1
18912	1
18922	2
18923	1
18924	1
18925	1
18928	2
18935	1
18941	1
18942	1
18950	9
18951	1
18955	1
18969	1
18970	2
18975	1
18977	13
18980	3
18982	1
18985	3
18986	2
18987	1
18988	4
18989	1
18990	17
189900	1
18991	3
18992	8
18993	2
18994	8
18995	97
18996	1
18997	6
18998	22
18999	14
189995	1
1900	1
19000	32
19001	2
190086	1
19013	1
19026	2
19033	1
19035	2
19053	1
19055	1
19058	1
19059	1
19064	1
19066	1
19070	1
19077	1
19093	1
19113	1
19117	1
19121	1
19123	2
19142	1
19146	1
19149	1
19158	1
19160	1
19165	1
19170	1
19174	1
19186	1
19191	1
19192	1
19194	1
19195	1
19196	1
19198	1
19200	1
19206	1
19215	2
19230	1
19232	1
19233	1
19243	1
19248	1
19252	1
19260	1
19267	3
19272	1
19281	1
19284	1
19285	1
19293	1
19294	3
19295	3
19314	1
19321	1
19324	3
19328	1
19329	1
19330	1
19332	1
19333	1
19340	1
19342	1
19346	1
19349	2
19350	1
19352	1
19360	1
19373	1
19386	1
19387	3
19388	1
19391	3
19394	1
19395	1
19400	1
19405	1
194066	1
19415	2
19422	1
19434	1
19441	1
19444	2
19447	1
19449	1
19450	1
19451	1
19455	2
19457	1
19458	1
19462	1
19465	1
19469	2
19472	1
19474	1
19477	2
19484	1
19486	1
19487	1
19488	4
19491	1
19494	1
19495	9
19497	1
19498	2
19499	6
19500	10
19501	2
19502	1
19504	1
19512	1
19515	2
19517	1
19545	2
19547	1
1955	1
19550	1
19551	1
19554	1
195570	1
19560	1
19563	1
19573	1
19585	1
19586	1
1959	1
19592	2
19594	1
19595	4
19598	1
19600	1
19608	1
19612	1
19618	1
19628	1
19639	1
19640	1
19648	2
19653	1
19660	1
19670	1
19672	2
19673	1
19679	1
19687	1
19688	1
19693	1
19695	4
19700	1
19705	1
19710	1
19721	1
19727	1
19750	2
19757	1
19767	2
19770	1
19773	1
19774	1
19776	1
19777	9
19785	1
19795	6
19798	1
19799	1
19800	4
19802	2
19808	1
19810	1
19812	2
19815	1
19822	1
19823	1
19843	1
19850	4
19851	1
19856	2
19859	2
19864	1
19869	1
19871	2
19872	1
19874	1
19879	2
19880	1
19881	1
19884	1
19885	2
19886	6
19887	1
19888	6
19891	1
19892	1
19895	2
198984	1
19899	5
1990	1
19900	12
19901	2
19904	1
19912	1
19913	1
19920	1
19923	1
1993	6
19932	1
19935	1
19938	2
1994	2
19945	1
19947	1
1995	3
19950	13
19958	2
19959	1
1996	3
19962	1
19963	1
19964	2
19966	1
19967	1
19969	3
1997	10
19970	1
19973	2
19975	1
19976	2
19977	7
19979	3
1998	7
19980	9
19981	1
19984	1
19985	2
19988	2
19989	4
1999	22
19990	9
199900	1
19991	5
19992	11
19993	1
199935	1
19994	5
19995	103
19996	1
19997	5
19998	20
19999	20
2	986
20	2
200	28
2000	38
20000	25
2001	36
20010	1
20015	2
20017	1
2002	49
20022	1
20023	1
20026	1
20027	2
2003	113
20031	2
20034	1
20036	1
2004	157
2005	198
20054	1
2006	230
2007	297
20072	1
20075	1
2008	454
20086	1
20087	2
2009	393
20092	1
20096	1
20098	1
200h	6
2010	750
2011	2641
20117	1
2012	2020
20124	1
2013	1197
20131	1
20133	1
20139	1
2014	454
20141	1
20144	1
20145	1
20147	1
2015	3
20167	1
201784	1
20181	1
20188	2
20189	1
20191	2
20194	2
20195	2
20200	1
20204	1
20206	2
20222	1
20223	2
20225	1
20240	1
20244	1
20245	1
20247	1
20249	1
20254	3
20263	2
2027	1
20270	2
20279	2
20285	3
20295	7
20298	1
20301	1
20312	1
20316	2
20328	1
2034	1
20350	1
20362	1
203816	1
20393	1
20397	1
20399	1
20400	3
20413	1
20414	2
20415	1
20421	1
20425	1
20426	1
2043	1
20433	1
20434	2
2045	1
20450	1
20457	1
20468	1
20470	1
20477	3
20481	2
20487	1
20488	2
20490	1
20491	3
20492	1
20494	3
20495	10
20498	1
20499	2
20500	21
20501	2
20504	1
20511	1
20522	1
20524	1
20527	1
20529	1
20531	1
20532	1
20542	1
20544	1
20549	1
20550	2
20555	1
20561	1
20563	4
20570	1
20575	1
2058	1
20582	1
20584	1
20595	1
20607	1
20615	1
20616	1
20619	2
20620	1
20627	1
20630	1
20632	1
20633	1
20635	1
20645	2
20650	2
20652	1
20670	1
20673	1
20680	1
20686	1
20690	1
20695	1
20698	1
20702	1
20710	1
20711	1
20720	1
20728	3
20730	1
20745	3
20746	1
20750	2
20752	1
20770	1
20771	1
20775	1
20776	1
20784	1
20789	2
20794	1
20795	4
20798	2
20801	1
20807	1
2082	1
20824	1
20826	1
20836	1
20838	1
2084	1
20848	1
20850	1
20857	3
20873	2
20877	1
20879	2
20880	1
20881	1
20883	2
20888	4
20889	2
20890	1
20894	3
20895	5
20897	1
20898	1
20899	6
20900	7
20908	1
20911	3
20912	2
20915	1
20916	1
20922	1
209230	1
20934	1
20936	2
20950	4
20952	1
20955	1
20960	1
20961	2
20962	2
20968	2
20977	2
20978	1
20980	2
209802	1
20985	2
20986	2
20988	5
20989	2
20990	16
20991	2
20992	9
20994	3
20995	68
20996	4
20997	2
20998	13
20999	11
21	1
21000	24
21006	1
21020	1
21021	1
21036	1
21043	2
21045	1
21073	1
21095	1
21096	1
21100	1
21103	1
21121	1
21123	1
21132	1
21134	1
21137	1
21140	1
21143	1
21160	3
21165	1
21169	1
21185	1
21187	1
21188	1
21200	1
21210	2
21230	1
21234	1
21242	1
21244	1
21246	1
21247	2
21249	1
21253	1
21263	1
21265	1
21268	1
21274	1
21292	1
21295	1
21301	1
21302	1
21327	1
21328	1
21329	1
21333	1
21335	2
21337	1
21349	1
21350	1
21351	1
21356	1
21360	1
21363	1
21370	1
21371	1
21380	1
21386	1
21390	1
21392	1
21396	1
21399	1
21405	1
21407	2
21413	1
21428	2
21435	1
21437	1
21440	1
21444	1
21450	1
21451	2
21455	2
21457	1
21459	1
21471	1
2148	1
21488	4
21491	1
21492	3
21493	1
21494	1
21495	4
21497	3
21499	1
21500	12
21501	2
21502	1
21510	1
21517	1
2153	1
21534	1
21536	1
21548	1
21555	1
215556	1
21577	1
21582	1
21585	1
21589	2
21593	1
21595	1
21601	1
216023	1
21609	1
2161	2
21618	1
2162	1
21632	1
21634	1
21638	1
21647	1
2165	1
21654	1
21659	1
2166	1
21661	1
21662	1
21666	1
2167	1
21686	1
21688	2
21691	1
21694	1
21695	3
21698	1
21700	2
21705	2
21716	1
21717	1
21726	1
21730	1
21740	2
21743	2
21745	1
21748	1
21752	1
21763	1
21774	5
21776	3
21777	5
21778	1
21784	1
21788	1
21789	2
21795	2
21800	2
21803	1
21805	1
21809	1
21812	1
21813	2
21815	1
21830	1
21838	1
21847	1
21850	5
21853	1
21856	1
21857	1
21858	2
21859	4
21873	1
21875	1
21877	3
21880	2
21883	1
21884	1
21885	1
21886	2
21888	4
21889	1
2189	1
21891	1
21895	3
21899	2
21900	11
21901	1
21902	3
21904	1
21911	1
21912	3
21913	1
21922	1
21924	1
21930	3
21938	1
21943	1
21944	1
21945	1
21949	1
21950	9
21959	1
21962	1
21963	3
21968	1
21974	1
21975	1
21977	3
21980	2
21982	1
21983	2
21986	1
21987	10
21988	5
21989	1
21990	5
21991	4
21992	6
21994	9
21995	73
21997	3
21998	20
21999	9
2200	1
22000	35
22002	1
22003	1
2201	1
22020	1
22023	1
22025	1
2203	1
22033	1
22045	1
22057	1
2206	1
22069	2
22072	1
22075	1
22081	1
22090	1
22100	1
22102	1
22110	1
22115	1
22118	1
22124	3
22125	2
22129	1
22130	2
22137	1
22138	1
22141	2
22143	2
22170	1
22171	1
22189	1
22192	1
22195	3
22196	1
22197	2
221991	1
22202	2
22209	1
22214	1
22215	1
22222	2
22242	1
22259	1
22263	1
22275	3
22276	1
22285	1
22289	1
22293	2
22295	1
22299	1
22300	2
22304	1
22306	2
22309	1
22316	1
22317	1
22336	1
22337	1
22346	1
22347	1
22348	1
22352	1
22356	1
22361	1
22363	1
22364	1
22368	1
223680	1
22369	2
22386	3
22388	1
22395	5
22398	1
22400	1
22404	1
22415	2
22420	1
22423	1
22424	2
22440	1
22441	1
22444	2
22450	1
22453	1
22465	2
22478	1
22482	2
22485	1
22487	1
22489	1
22490	2
22491	2
22492	2
22495	9
22496	1
22497	2
22498	1
22499	2
22500	20
22506	1
22509	1
22510	1
22517	1
225216	1
22525	1
22535	2
22545	1
22550	2
22558	1
22559	1
22560	1
22562	1
22570	1
22594	2
22595	2
22600	1
22606	1
22608	1
22609	1
22610	2
22613	1
22614	1
22616	1
22617	1
226182	1
22619	2
22627	1
22638	1
22645	1
22663	1
22670	1
226714	1
22673	1
22688	2
22690	1
22691	1
22695	3
22696	1
22698	1
22700	1
22701	2
22714	1
22724	2
22738	1
22740	1
22745	2
22748	1
22749	1
22750	1
2276	1
22764	1
22766	1
22774	1
22777	1
22780	2
22783	1
22794	1
22795	6
22798	1
22799	1
22800	4
22801	1
22807	1
22809	3
22815	1
22820	1
22838	1
22839	2
22845	2
22846	2
22850	4
22853	1
22855	1
22863	1
22868	1
22870	1
22871	1
22877	3
22880	1
22883	4
22886	8
22887	1
22888	8
22891	1
22894	1
22895	4
22899	1
2290	1
22900	14
22901	1
22912	3
22913	2
22917	1
22921	2
22929	1
22933	2
22935	2
22937	1
22941	1
22945	2
22949	1
2295	1
22950	7
22953	1
22956	1
22966	1
22967	1
22969	1
22970	1
22974	1
22977	2
22979	1
22980	3
22981	1
22982	2
229821	1
22984	2
22985	7
22986	3
22987	6
22988	8
22990	11
22991	3
22992	4
22993	2
22994	10
22995	61
22997	2
22998	17
22999	13
229995	2
23	1
23000	26
23001	1
23002	1
23011	1
230210	1
23025	2
23029	1
23032	1
23040	1
23045	1
23049	3
23052	1
23060	1
23062	1
23069	1
23071	1
23080	1
23083	2
23084	2
23085	1
23086	2
23096	1
23099	2
23100	1
23109	1
23111	1
23113	1
23116	2
23132	1
231476	1
23152	1
23153	1
23154	1
23155	1
23166	1
23189	1
23191	1
23194	2
23195	2
23196	2
23203	2
23206	1
23213	1
23216	1
23219	1
23222	1
23225	1
23227	1
23231	2
23249	1
23251	2
23277	1
232885	1
23290	1
232900	1
23295	1
23296	1
23299	2
23300	1
23311	1
23316	1
23323	1
23330	1
23333	2
23340	2
23353	1
23360	1
23361	1
23362	1
2337	1
23376	1
23382	1
23386	5
2339	1
23392	2
23393	2
23400	2
23401	1
23409	1
23416	1
23417	1
23423	1
23429	1
2343	1
23431	1
23439	1
23444	2
23445	1
23448	1
23449	1
23452	1
23459	1
23470	1
23473	1
23476	2
23477	1
23478	1
23489	1
23491	2
23492	1
23494	1
23495	9
23497	1
23498	1
23499	2
23500	20
2351	1
23514	1
23518	2
23524	1
23529	1
23537	1
23538	1
23543	1
23552	1
23555	3
23568	1
23583	1
23586	1
23588	2
23590	1
23591	1
23594	1
23595	4
23611	1
23613	1
23615	1
23618	1
23627	1
23636	1
2364	1
23647	1
23649	1
23650	1
23677	2
23689	1
23695	1
23699	1
23700	1
23732	1
23735	2
23738	1
23739	1
23740	1
23741	1
23742	2
23745	1
23748	2
2375	1
23753	1
23758	1
23762	1
23764	2
23770	1
23777	6
2378	1
23788	1
23789	2
23791	1
23795	2
23797	1
23800	1
23811	1
23813	1
23815	1
23826	2
23829	1
23830	1
23834	3
23835	1
23838	1
23839	1
2384	1
23844	1
2385	1
23850	3
23851	1
23856	1
23857	1
23862	2
23873	1
23877	2
23879	2
23880	1
23883	1
23885	1
23886	3
23887	1
23888	4
23890	2
23895	4
23899	3
23900	15
23901	1
23906	1
23907	2
23908	1
23911	1
23912	1
23917	1
23922	1
23923	1
23926	3
23927	1
23935	1
23939	1
2394	1
23943	1
23947	4
23948	1
23949	3
23950	1
23957	1
23958	1
23971	1
23976	2
23977	3
23979	1
23980	4
23981	1
23982	1
23984	1
23985	1
239855	1
23986	1
23987	2
23988	3
23990	12
23992	2
23993	2
23994	3
23995	58
23996	2
23997	1
23998	10
23999	22
239995	1
240	3
2400	3
24000	20
2402	1
24020	1
24027	1
24032	1
24053	1
24057	1
24058	1
24063	1
24065	1
24066	1
24067	2
24074	1
2408	1
24080	1
24088	1
24092	1
24097	1
24099	1
24100	2
24114	3
24120	1
24121	2
24124	1
24127	1
24135	1
24139	1
2414	1
24145	1
24150	1
24161	1
24163	1
24168	1
24175	1
24180	3
24199	1
242	1
24200	5
24232	2
24246	1
24261	2
24263	1
24278	2
24279	2
24280	1
24281	1
24293	1
24300	1
24302	1
24303	1
24306	1
24308	1
24315	2
24316	1
24320	1
24324	1
24335	1
24343	1
24344	1
24356	1
24357	1
24378	1
24386	1
24388	1
24389	1
24392	1
24394	1
24396	1
24398	1
24399	2
24410	2
24415	1
24416	1
24433	1
24434	1
24435	1
24438	1
24441	3
24444	3
24450	3
24454	1
24477	1
24478	1
24481	1
24487	3
24488	1
24490	1
24491	2
24492	2
24494	2
24495	7
24497	2
24498	1
24499	2
245	1
24500	11
24503	1
24504	3
24506	2
24509	1
24518	1
24521	1
24533	1
24555	3
24556	2
24564	1
24569	2
24571	1
24573	1
24574	2
24578	1
24586	1
24590	1
24594	1
24595	1
24599	1
2460	1
24600	1
24605	1
24640	1
24643	1
24644	1
24648	2
24662	2
24667	1
2468	1
24685	1
24688	3
24689	1
24691	1
24696	1
24697	1
24700	1
24706	1
24707	3
247077	1
24708	1
24715	1
24723	2
24728	2
24730	2
24732	1
24734	1
24737	3
24740	1
24750	1
24753	1
24758	1
24759	2
24764	2
24765	1
24766	1
24768	2
24770	1
24777	1
24779	1
24785	1
24788	1
2479	1
24795	2
24798	1
24799	1
24800	1
24810	1
24823	1
24825	1
248304	2
24850	1
24866	1
24872	1
24877	1
24878	1
24883	1
24886	2
24888	4
24890	2
24892	1
24895	7
24896	1
24897	1
24898	1
24899	2
24900	5
24912	5
24914	1
24915	1
24918	2
24922	1
24935	1
24939	1
24942	2
24943	1
2495	3
24950	2
24951	2
24953	1
24955	1
24958	1
2496	1
24962	1
24963	1
24964	1
24968	1
24969	3
24973	3
24977	3
24980	2
24985	4
24986	5
24987	1
24988	7
24989	1
24990	7
24991	6
24992	2
24993	1
24994	9
24995	54
24996	1
24997	3
24998	12
24999	11
25	18
250	136
2500	8
25000	19
25009	1
2500hd	2
25021	1
25028	1
25029	2
25032	1
25043	1
25050	1
25051	1
25060	1
25066	1
25071	1
25072	1
25085	2
25086	1
25087	1
25093	1
25098	2
250h	4
25134	1
25142	2
25153	1
25181	1
25186	1
25187	2
25190	2
25203	2
25211	2
25230	1
25235	1
25241	2
25251	1
25257	1
25262	1
25274	1
25276	1
25281	1
25286	1
25290	1
25292	1
25295	2
25299	1
25301	1
25303	2
25306	1
25316	2
25321	1
25322	1
25327	1
25335	1
25337	1
25339	1
25341	1
25348	1
25359	1
25363	1
25369	1
25372	2
25377	2
25379	1
25381	1
25382	1
25386	1
25388	2
25392	2
25395	1
25400	1
25403	1
25404	1
25409	1
25412	1
25416	1
25426	1
25431	1
25444	2
25447	1
25450	2
25453	1
25458	1
25459	1
2546	1
25463	2
25469	1
25470	1
25471	1
25475	2
25481	1
25485	1
25488	1
25490	1
25491	2
25492	1
25494	1
25495	10
25497	2
25498	1
25499	3
2550	1
25500	8
25514	1
25524	2
25532	1
25537	1
25539	1
25545	1
25547	3
25550	4
25551	1
25555	1
25558	1
25566	1
25572	3
25573	2
25576	1
25583	1
25595	4
25597	1
2560	1
25601	1
25610	1
25613	1
25619	1
25631	1
25635	1
25640	1
25645	1
25658	1
25659	2
2566	2
25677	2
25679	3
25680	1
25684	1
25687	2
25688	1
25694	1
25695	2
25700	2
25703	1
25704	1
25705	1
25710	1
25711	3
25750	2
25759	2
25777	5
25780	1
25782	1
25790	2
25791	2
25795	2
25800	1
25805	1
25817	3
25818	2
25822	1
25833	1
25841	1
25842	1
25847	1
25850	2
25852	1
25856	1
25866	2
25875	1
25877	1
25879	1
25880	1
25883	3
25885	2
25886	2
25887	1
25888	6
25889	1
25895	3
25896	1
25900	5
25906	1
25912	3
25915	3
25929	1
25931	2
25932	1
25933	1
25938	1
25939	1
25940	1
25941	1
25944	2
2595	1
25950	6
25952	1
25956	1
25959	3
2596	1
25960	1
25962	1
25968	1
25970	1
25971	1
25977	8
25980	2
25981	1
25984	1
25985	2
25987	3
25988	10
25989	2
25990	8
25991	2
25992	1
25994	9
25995	54
25996	1
25997	6
25998	15
25999	6
26000	23
26008	1
26012	1
26018	1
26020	1
26027	1
26034	1
26038	1
26043	1
26053	1
26059	1
26069	1
26073	1
26089	1
26091	1
26094	1
26095	1
26099	1
26114	1
26116	1
26123	1
26138	1
26141	1
2615	1
26150	1
26171	1
26179	1
26181	1
26182	1
26187	1
26193	1
26195	2
26196	1
26197	1
26199	1
26200	2
26203	2
26204	1
26210	1
26213	1
26215	2
26216	1
26223	1
26230	1
26237	1
26248	1
26250	1
26253	1
26255	1
26259	2
26260	1
26262	1
26268	1
2627	1
26277	1
26283	2
26285	1
26290	1
26295	1
26301	1
26309	1
26310	1
26312	1
26315	1
26316	1
2632	1
26320	1
26328	1
26329	1
26330	1
26332	1
26335	1
26337	1
26338	1
26352	1
26354	1
26363	2
26366	1
26381	1
26383	1
26384	1
26388	1
26389	1
26392	1
26393	1
26394	1
26395	2
26400	4
26409	1
26419	1
26423	1
26427	1
26435	2
26443	1
26448	1
2645	1
26450	2
26451	1
26456	1
26459	2
26464	1
26474	1
26477	2
26480	1
26481	1
26488	1
26492	2
26495	9
26500	8
26505	1
26510	1
26511	1
26514	1
26523	1
26524	1
265349	1
26555	1
26563	1
26572	1
26580	1
26585	1
26595	2
26598	1
26602	1
26612	1
26616	1
26620	3
26627	1
2664	2
26642	1
26647	1
26652	1
26662	1
26665	1
26684	1
26695	3
26698	2
26700	1
26701	1
26704	1
26707	1
26712	1
26714	1
26720	1
26721	2
26727	1
26731	2
26751	1
26754	1
26767	1
26775	1
26776	1
26777	1
26789	1
26790	1
26792	2
26794	1
26795	3
26800	2
26804	2
26839	1
26843	3
26845	2
26847	1
26850	1
26856	1
26862	1
26865	1
26866	1
26873	2
26875	2
26877	2
26879	1
26881	1
26883	1
26886	2
26888	1
26890	2
26892	1
26894	2
26895	2
26897	1
26899	3
26900	8
26901	1
26903	1
26911	1
26913	1
26914	1
26915	1
26919	2
26922	1
26935	1
26940	1
26941	1
26945	1
26949	2
26950	1
26951	1
26955	1
26964	2
26968	2
2697	1
26970	1
26971	2
26973	1
26976	1
26977	1
26985	4
26986	1
26988	7
26989	1
2699	1
26990	7
26991	4
26992	2
26994	5
26995	51
26996	2
26997	3
26998	6
26999	3
2700	2
27000	25
27003	2
27010	1
27014	1
27019	1
27029	2
27032	1
27048	1
27059	1
27067	1
27075	2
27088	1
27091	1
27093	1
27096	2
27102	1
27107	1
27111	1
27112	1
27116	1
27118	1
27120	2
27128	1
27133	1
27138	2
27141	1
27146	1
27163	1
27166	1
27175	1
27176	1
27182	2
27184	1
27190	1
27193	1
27199	1
27215	1
27216	4
27218	1
27221	1
27230	1
27239	1
27250	1
27254	1
27257	1
27275	1
27277	1
27284	1
27290	1
27293	3
27295	1
27296	1
27299	1
27300	5
27301	1
27312	1
27335	2
27338	1
27341	1
27353	1
27356	1
27360	2
27372	1
27379	1
27383	1
27384	1
27386	1
27388	2
27390	1
27395	2
27400	2
27418	1
27431	1
27432	1
27435	1
2744	1
27441	1
27445	1
27465	3
27467	1
27475	2
27478	1
27479	1
27482	1
27483	1
27485	2
27488	1
27492	1
27495	7
27497	2
27498	1
27499	2
2750	2
27500	16
27501	2
27502	1
27509	1
275120	1
27514	1
27518	1
27527	1
27530	2
27534	1
27546	1
27549	1
27551	1
27563	2
27567	1
27580	1
27585	1
27587	1
27588	1
27592	2
27595	2
27598	2
27599	1
27600	2
27604	1
27605	3
27611	1
27613	1
27622	3
27623	1
27625	1
27629	1
27634	2
27638	1
2764	1
27643	1
27644	1
27652	1
27653	1
27655	1
27661	1
27663	1
27665	2
27670	1
27680	1
27686	1
27687	1
27688	1
27691	1
27695	2
27697	2
2770	1
27702	1
27710	1
27711	3
27712	2
27720	1
27725	1
27738	1
27741	1
27750	3
27751	1
27761	1
27766	1
27772	1
27774	2
27776	1
27779	1
27783	2
27789	1
27790	1
27798	1
27800	4
27809	1
27811	1
27821	1
27836	1
27846	2
27847	1
27850	4
27856	1
27858	1
27859	3
27860	1
27873	1
27874	1
27876	1
27880	1
27881	1
27883	1
27884	1
27885	3
27886	2
27888	4
27889	1
27890	2
27895	5
27897	1
27898	1
27900	5
27901	2
27912	3
27922	3
27923	2
27934	1
27940	1
27941	1
27942	1
27947	1
27949	1
27950	3
27953	1
27957	2
27961	1
27966	2
27968	2
27972	1
27975	1
27979	1
2798	1
27980	4
27984	2
27985	3
27986	2
27987	1
27988	2
27989	2
27990	8
27991	7
27992	6
27993	2
27994	2
27995	53
279950	1
27997	2
27998	11
27999	12
280	3
28000	37
28003	1
28005	2
28006	2
28015	1
28020	1
28022	1
28035	2
28036	2
28052	1
28057	1
28072	1
28075	1
28090	1
28096	1
28106	1
28108	1
28112	1
28116	1
28143	1
28144	1
28150	3
28154	1
28161	1
28170	1
2818	1
28187	1
28188	1
28195	1
28197	1
28198	1
28205	1
28225	1
28230	1
28231	1
28233	1
28246	1
28254	2
28256	1
28266	2
28267	1
28269	1
28283	1
28284	1
28285	2
28288	1
28290	2
28294	2
28295	1
28300	1
28323	1
28324	2
28330	1
28336	2
28341	1
28342	1
28350	1
28354	1
28358	2
28375	2
28377	1
28382	3
28383	1
28392	1
28395	2
28399	2
28400	2
28410	1
28413	1
28415	1
28420	2
28423	2
28424	1
28425	1
28429	1
28430	1
28435	1
28441	1
28443	1
28444	1
28445	1
28451	1
28453	1
28455	1
28459	2
28467	2
28471	1
28475	1
28477	2
28483	2
28485	1
28489	1
28495	8
28496	2
28497	2
28498	3
28499	6
2850	1
28500	12
28502	1
28504	2
28507	1
28515	1
28525	1
28529	1
28532	3
28533	1
28545	1
28547	1
28549	1
28552	3
28554	2
28555	3
28557	3
28562	1
28563	1
28570	1
28571	1
28574	1
28577	1
28585	1
28589	1
28590	3
28592	1
28595	5
28597	1
28598	1
28600	1
28614	2
28616	1
28624	1
28638	1
28651	1
28666	1
28670	1
28673	1
28674	1
28677	1
28681	1
28685	4
28693	1
28694	1
28700	1
28713	1
28717	1
28722	1
28723	1
28727	2
28728	3
2873	1
28737	1
2874	1
28746	1
28747	1
28749	2
28750	1
28756	1
28757	1
28776	1
28780	1
28784	1
28785	2
28789	1
28792	1
28795	5
28797	1
28798	1
28815	2
28817	2
28822	1
28847	1
28850	3
28853	1
28856	1
2886	1
28863	1
28869	1
28874	1
28875	1
28877	2
28880	4
28884	2
28885	1
28889	1
28894	1
28895	1
28897	1
28898	1
28900	10
28906	1
28912	1
28916	2
28918	1
28919	2
28925	1
28928	2
2893	1
28942	1
28943	1
28950	3
28954	1
28955	1
28956	1
28957	2
28968	1
28971	1
28973	1
28977	5
28980	3
28984	2
28985	3
28988	6
28989	1
28990	8
28991	1
28992	5
28994	5
28995	40
28997	5
28998	7
28999	3
28i	31
2900	6
29000	8
29001	1
2901	1
29020	1
29045	1
29049	1
2905	1
29051	1
29052	1
29069	1
2907	1
29071	1
29082	1
29084	2
29088	1
29098	1
29104	1
29108	1
29128	2
29132	1
29142	1
29151	1
29173	1
29182	1
29193	1
29195	2
29197	1
29198	1
292	1
2920	1
29200	1
29218	2
29225	1
29229	1
29233	1
29235	1
29236	1
29238	1
29239	1
29241	1
29246	1
29250	2
29261	1
29269	1
29284	2
29285	2
29287	1
29292	1
29295	1
29296	1
29298	1
2930	1
29301	1
29302	3
29336	1
29337	1
29338	1
29339	1
29348	1
2935	1
29361	1
29362	1
29370	1
29374	1
29385	1
29389	1
29393	1
29399	1
29400	1
29406	2
29409	1
29412	1
29413	1
29426	2
29434	1
29441	3
29442	1
29444	2
29445	1
29457	1
29460	1
29463	1
29465	2
29468	1
29479	1
29482	1
29483	1
29485	1
29488	3
29490	1
29494	1
29495	3
29496	2
29499	1
29500	7
29504	1
29505	1
29508	1
29509	2
29512	1
29525	1
29526	2
29541	2
29544	1
29560	1
29563	2
29574	1
29578	2
29585	2
29594	3
29596	1
29599	1
29608	1
29623	1
29626	1
29645	1
29646	2
29648	1
29656	1
29659	1
29664	2
29669	1
29672	2
29675	2
29695	2
29701	1
29703	2
29708	1
29726	2
29739	2
29742	1
29747	1
29770	2
29773	1
29777	1
29779	1
29782	1
29783	1
29784	1
29786	1
29793	1
29799	1
29800	2
29810	1
29811	1
29817	1
29823	2
29825	1
29827	1
29837	1
29838	3
29840	2
29850	1
29854	1
29861	1
29864	1
29869	1
29874	1
29876	1
29877	4
29879	2
29880	2
29883	1
29886	3
29887	1
29888	1
2990	3
29900	26
29904	1
29906	1
29912	7
29914	1
29916	1
29920	1
29922	1
29923	1
29928	1
29931	1
29942	2
29944	1
29946	3
29948	1
29949	1
2995	3
29950	1
29955	1
29959	1
29963	1
29965	1
29972	1
29975	1
29977	5
29982	1
29983	1
29985	1
29987	1
29988	6
29989	1
2999	1
29990	9
29991	5
29992	2
29993	2
29994	8
29995	56
29996	3
29997	2
29998	5
29999	10
3	375
30	2
300	217
3000	4
30000	16
30004	1
3000gt	1
30012	1
30015	2
30026	1
30027	1
30028	1
30032	1
30035	1
3004	1
30047	1
30055	1
30056	2
30067	1
30074	1
30080	2
30098	2
30099	1
300h	3
3010	1
30108	1
30117	1
30121	1
30127	1
30128	1
30130	1
30149	1
30155	1
30173	1
30176	1
30183	1
30191	1
30192	1
30193	1
302	2
30200	2
30204	1
30206	2
30208	1
30213	2
30219	2
30239	1
30242	1
30250	1
30251	2
30257	1
30263	1
30268	2
30270	1
30279	1
30283	1
30287	1
30293	1
30300	1
30302	1
30309	1
30312	1
30322	1
30325	1
30327	1
30329	1
30336	1
30337	1
30356	2
30357	1
30368	1
30372	1
30383	5
30384	2
30385	1
30387	1
30388	1
30390	1
30394	1
30395	1
30399	2
30405	1
30406	1
30407	1
30417	3
30422	1
30434	1
30435	2
30438	1
30439	2
30452	1
30455	1
30458	1
3046	1
30464	1
3047	1
30475	1
30477	1
30480	2
30484	1
30491	1
30495	7
30499	1
30500	9
30510	1
30511	1
30515	1
3052	1
3053	1
30530	1
30534	1
30535	1
30536	2
30537	1
30547	1
30550	1
30560	1
30561	1
30562	1
30571	3
30580	1
30583	1
30597	1
306	1
30600	1
30623	2
30625	1
30626	1
30633	2
30635	1
30636	1
30649	2
30652	1
30655	1
30662	2
30668	2
30672	1
30676	1
30677	3
30678	1
30679	1
3068	1
30681	1
30682	1
30684	1
30689	1
30691	1
30694	2
30708	1
30709	2
30710	1
30713	1
30718	1
30719	1
30722	2
30723	1
30724	1
30726	1
30729	2
3073	1
30730	1
30731	1
30733	1
30743	2
30746	1
30747	1
30754	1
30765	1
30773	1
30774	2
30776	1
30777	1
30783	1
30793	1
30794	3
30795	2
30800	1
30801	2
30805	1
30809	1
30820	2
30821	1
30822	1
30828	2
30833	1
30835	1
30842	1
30848	1
30850	1
30863	1
30868	1
30877	1
30879	1
30880	1
30884	1
30886	1
30888	1
30889	1
30894	1
30895	2
30899	1
30900	8
30901	1
30902	1
30912	2
30923	1
30932	2
30936	4
30953	2
30966	1
30969	1
30971	1
30973	1
30974	1
30975	5
30980	2
30982	1
30984	1
30985	1
30987	3
30988	1
30989	6
3099	1
30991	4
30993	1
30994	4
30995	25
30996	1
30998	6
30999	2
30i	5
31	2
31000	9
31001	1
31005	1
31025	1
31029	2
31030	1
31034	1
31041	1
31050	1
31054	1
31059	2
31070	1
31071	1
31076	1
31078	1
31081	2
31088	1
31091	1
31092	1
31102	1
31105	2
31109	2
31110	1
31113	1
31124	1
31125	1
31148	2
31150	1
31158	1
31171	2
31180	1
31194	1
31200	2
31202	1
31205	3
31221	1
31222	1
31225	1
31238	1
3124	1
31242	2
31253	2
31256	1
31269	1
31286	1
31288	1
31291	2
31300	3
31307	1
31323	1
31329	1
31333	1
31343	1
31347	2
31349	1
31350	5
31352	1
31360	1
31362	1
31372	1
31373	1
31376	1
31380	1
31381	1
31384	1
31393	2
31398	1
31400	5
31406	1
31408	2
31409	1
31416	2
31419	1
3143	1
31430	1
31435	1
31438	2
31442	1
31444	2
31447	1
31448	1
31452	1
31474	1
31479	1
31481	1
31484	1
31486	1
31488	1
31492	2
31494	2
31495	5
31497	2
31498	2
31499	2
31500	3
31503	1
31521	2
31524	1
31530	1
31535	1
31538	1
3154	1
31540	2
31542	1
31550	2
31555	1
31562	1
31564	2
31574	1
31587	1
31595	3
31598	1
31599	1
31608	1
31616	1
31618	1
31619	1
31626	2
3163	1
31640	1
31650	1
31651	1
31664	2
31665	1
31669	1
31674	1
31679	1
31680	1
31693	1
3170	1
31700	2
31703	2
31708	1
31716	1
31721	1
31722	1
31723	1
31736	1
31738	1
31741	1
31750	1
31751	1
31756	1
31764	1
31766	2
31769	1
31772	1
31775	1
31776	1
3179	1
31790	2
31794	1
31795	3
31798	1
31799	1
31800	2
31801	2
31804	2
31814	1
31837	1
31843	1
31850	1
31854	2
31867	1
31869	1
31874	1
31877	1
31880	2
31881	1
31883	2
31888	3
31889	3
31890	1
31892	1
31894	2
31895	2
31896	1
31898	1
31899	1
31900	7
31902	1
31912	3
31916	3
31921	2
31922	1
31935	1
31945	1
31950	1
31954	1
31961	1
31969	1
31974	1
31977	2
31978	1
31980	1
31985	1
31986	1
31987	1
31988	3
31990	1
31992	1
31993	1
31994	2
31995	32
31997	5
31998	7
31999	3
319995	1
32	1
320	13
3200	1
32000	11
32003	1
32011	1
32020	1
32022	1
32030	1
32032	1
32035	1
32046	1
32049	1
32051	1
32054	1
32058	1
32082	1
32085	2
32096	2
320i	2
32103	2
32124	2
32128	2
32133	2
32134	1
32140	1
32148	2
32152	1
32153	1
32160	1
32168	1
32180	1
32185	1
32187	1
32189	3
32191	1
32193	1
32196	2
32224	1
32241	2
32243	1
32246	1
32250	1
32254	1
32255	1
32266	1
32268	1
32287	1
32291	1
32292	2
32293	1
32294	1
32299	1
32300	1
32307	1
3231	1
32328	1
32329	1
32332	1
32333	1
32336	1
32339	1
32344	1
32359	1
32366	1
32368	1
32369	1
32373	1
32386	1
32394	1
32395	1
32399	1
32400	2
32402	1
32403	1
32407	2
32415	1
32416	1
3243	1
32430	1
32433	1
32435	1
32441	1
32443	1
32446	2
32448	1
32451	2
32457	1
32459	2
32461	2
32463	1
32466	1
32467	2
32471	2
32477	2
32478	1
32482	2
32483	1
32488	1
32490	1
32491	1
32494	2
32495	6
32497	1
32498	1
32499	3
32500	14
32501	2
32507	1
32508	1
32514	1
32523	1
32526	1
32530	1
32536	3
32541	2
32543	1
32548	1
32550	1
32560	2
32562	1
32564	1
32565	1
32566	1
3258	1
32586	1
32595	2
32596	1
325ci	3
325i	5
325xi	4
32600	2
32604	1
32605	1
32614	1
32617	2
32621	1
32646	1
32652	1
32655	2
32657	1
32660	6
32663	1
32664	2
32669	1
32670	1
32690	1
32695	2
32698	1
3270	1
32700	1
32704	1
32706	1
32709	1
32710	1
32716	2
32717	2
32722	1
32725	2
32728	1
32731	1
32732	1
32739	1
32756	1
32764	1
32768	4
32772	2
32773	1
32774	1
32777	2
32780	1
32790	1
32794	2
32795	1
32799	2
32800	1
32808	2
32811	1
32816	2
32821	1
32825	1
32834	1
32843	1
32850	1
32855	1
32856	1
32863	1
32868	1
32875	1
32881	1
32883	3
32885	2
32888	2
32889	2
32894	1
32898	1
328d	1
328i	141
328xi	12
32900	14
32903	1
32919	1
3292	1
32926	2
32927	1
32933	1
32936	1
3294	1
32949	1
32950	2
32955	2
32957	1
32959	1
32962	1
32964	1
32975	3
32979	2
32980	1
32985	2
32986	1
32987	1
32988	2
32990	2
32991	1
32992	4
32993	2
32994	5
32995	35
32996	2
32997	2
32998	3
32999	5
330	15
33000	12
33010	1
33011	1
33013	1
33018	1
3302	1
33021	1
33035	1
33036	3
33043	1
33047	2
3305	1
33050	1
33059	1
33060	1
33062	2
33073	1
33074	1
33076	1
330i	2
330xi	2
3310	1
33100	4
33101	1
33102	1
33106	1
33107	1
33110	2
33116	1
33121	1
33125	1
33126	2
33127	1
33129	2
33131	1
33135	2
33137	1
33138	1
33145	1
33150	1
33159	1
33160	1
33165	1
3317	1
33172	2
33177	1
33178	1
3318	1
33182	1
33183	1
33187	1
33190	1
33192	1
33194	1
33201	2
33204	1
33207	1
33213	2
33214	2
33222	1
33232	1
33233	1
33240	1
33254	2
33256	1
33257	1
33269	1
33271	2
33277	1
33282	4
33283	1
33284	1
33286	1
33287	1
33290	1
33295	1
33297	1
33299	1
33300	1
33308	1
33310	1
33313	1
33318	2
33320	1
33323	2
33325	1
33326	2
33327	1
33328	1
33330	1
33333	3
33341	1
33345	1
3335	1
33350	1
33351	1
33352	3
33356	3
33371	2
33375	1
33376	1
33378	1
3338	1
33395	1
3340	1
33412	1
33417	1
33423	1
33426	1
33430	1
33433	1
33440	1
33459	2
33469	1
33472	2
33473	1
33477	1
33478	1
33481	3
33488	1
33489	1
33490	4
33492	1
33494	1
33495	1
33498	2
33500	6
33506	1
33520	1
33528	2
33532	2
33534	1
33544	1
33550	1
33551	1
33555	1
33566	1
33572	1
33575	2
33582	1
33593	1
33595	1
33596	1
33597	1
335i	29
335xi	4
33600	2
33611	1
33616	2
33618	1
33630	1
33635	1
33638	2
33655	1
33656	1
33658	1
33669	2
33684	1
33692	1
33693	1
33700	2
33708	3
33711	1
33719	2
3372	1
33721	1
33725	1
33727	2
33744	1
33746	1
33749	2
33752	1
33759	2
33762	1
33766	1
33770	1
33784	1
33786	2
33788	2
33790	1
33795	3
33797	1
33799	1
33809	1
33812	1
33816	1
33820	1
33830	1
33836	1
33850	3
33855	1
33866	1
33868	1
33874	1
33875	1
33876	1
33878	1
33879	1
33886	1
33888	5
33890	1
33893	1
33895	1
33897	2
33899	1
339	1
33900	12
33912	2
33916	1
33921	1
33936	2
33944	1
33950	1
33951	1
33960	1
33964	2
33969	1
33971	1
33972	1
33977	5
33979	1
33980	1
33981	2
33986	1
33987	2
33988	2
33989	3
33990	1
33991	6
33992	1
33993	1
33994	2
33995	29
33996	4
33997	7
33998	3
33999	4
34000	12
34001	1
34002	1
34028	1
34029	1
34034	1
34035	1
34041	1
34054	1
34055	1
3408	1
34091	1
34112	1
34115	1
34117	1
34129	2
34139	1
3414	1
34145	2
34146	1
34171	1
34175	1
34180	1
34184	1
34197	1
34200	3
34207	2
34209	1
34212	1
34215	1
34222	2
34223	1
34225	2
34227	2
34230	1
34235	2
3424	1
34242	1
34248	1
34249	2
34274	1
34279	1
34285	1
34290	1
34292	1
34293	2
34294	1
34299	3
34300	1
34305	1
34306	1
34310	2
34312	2
34317	1
34319	1
3432	1
34324	4
34332	1
34333	3
34349	1
34359	1
34374	1
34383	1
34389	1
3439	1
34391	1
34392	1
34395	1
34396	1
34399	1
34400	1
34407	2
34416	1
34420	1
34423	2
34426	1
34427	2
34440	1
34450	1
34458	1
34460	1
34463	1
34473	1
34475	1
34487	2
34490	1
34491	1
34492	3
34494	2
34495	2
34497	3
34498	1
34499	1
3450	2
34500	8
34501	1
34511	1
34513	1
34520	1
34523	1
34530	1
34532	1
34535	2
34553	1
34555	4
34559	3
34567	1
34569	1
34577	1
34579	1
3458	2
34584	1
34587	3
34589	1
34595	3
34599	1
34600	1
34601	1
34602	2
34605	1
34606	1
34611	2
34618	1
34625	1
34663	1
34669	1
34672	1
34682	1
34698	2
34700	1
34703	1
34704	1
34711	1
34713	1
34717	2
34731	2
34735	1
34744	1
34751	2
34753	1
34757	1
34767	1
34778	1
3478	1
34781	1
34783	1
34785	2
34787	1
34789	2
34791	1
3480	1
34800	1
34805	1
34813	1
34814	1
34826	1
34829	1
34841	2
34843	1
34848	1
34856	1
34860	1
34862	1
34869	1
34871	1
34872	1
34880	5
34883	1
34888	2
34892	2
34893	1
34895	1
34897	2
34898	1
34900	9
34902	2
34907	1
34915	2
34924	3
34929	1
34930	1
34937	1
3495	3
34950	4
34951	1
34957	1
34958	1
34960	1
34970	2
34974	1
34980	2
34981	1
34982	1
34984	1
34985	1
34988	1
34990	9
34991	1
34992	2
34993	1
34994	4
34995	29
34996	1
34997	5
34998	3
34999	5
35	82
350	602
3500	11
35000	13
35003	2
3500hd	1
35030	2
35034	2
35035	1
35042	1
35055	2
35086	2
35088	1
35089	1
35092	1
35095	1
350z	3
35102	1
35113	1
35130	1
35139	2
35143	1
35144	1
3515	1
35155	1
35168	1
35172	2
35185	2
35189	1
35194	2
35215	1
35216	1
35221	2
35225	1
3523	1
35235	1
35238	2
35239	1
35254	1
35259	1
35260	2
35261	1
35266	1
35267	1
35270	2
35273	2
35275	1
35278	1
3528	1
35286	1
35299	1
3530	1
35300	1
35320	1
35323	2
35327	1
35330	1
35332	1
35333	1
35337	1
35339	1
35363	1
35365	1
35369	1
35374	1
35378	1
35379	1
35382	4
35388	2
3539	1
35400	2
35402	2
35414	1
35416	1
35421	1
35429	1
35430	1
35432	1
35439	1
35450	2
35451	1
35454	1
35455	3
35460	1
35464	1
35466	2
35469	1
35472	2
35476	1
35477	1
3548	1
35480	1
35483	1
35484	2
35488	1
35490	1
35495	1
35497	2
35500	6
35504	1
35505	1
35509	1
35510	1
35520	1
35529	2
35530	1
35535	1
35541	1
35553	1
35554	1
35555	2
3556	1
35560	1
35571	1
35572	1
35575	1
35582	1
35591	1
35600	1
35604	1
35606	1
35610	1
35621	1
35627	1
35631	1
35635	1
35641	1
35645	2
35648	1
3565	2
35653	2
35654	1
35661	1
35663	2
35664	2
35665	1
35671	1
35672	1
35673	1
35690	1
35691	3
35700	2
35706	1
35720	1
35731	1
35742	1
35750	1
35754	1
35765	1
35779	1
35782	1
35783	1
35784	1
35788	1
35798	1
3580	1
35800	1
35807	1
35810	1
35819	1
35825	1
35831	1
35833	2
35837	1
35841	1
35850	1
35856	2
35857	1
35863	1
35864	1
3587	1
35870	1
35879	1
35883	1
35884	1
35889	2
35890	1
35891	1
35895	3
35899	1
35900	6
35902	2
35906	1
35909	1
35916	1
35919	1
3592	1
35920	1
35925	1
35933	1
35934	1
35938	1
35939	1
3595	2
35951	1
35958	1
35970	1
35971	1
35973	1
35975	2
35976	1
35977	1
35980	1
35984	1
35985	2
35987	1
35989	1
3599	1
35990	3
35991	3
35993	1
35994	1
35995	26
35996	1
35997	3
35998	6
359980	1
35d	7
35i	48
360	3
36000	10
36003	2
36004	1
36005	1
36006	1
36009	4
3601	1
36016	1
36030	2
36036	1
36037	1
36045	1
36046	1
36047	1
36053	1
36062	2
36073	3
36081	2
36083	1
36085	1
36086	1
36088	1
36092	1
36095	2
36099	1
36100	1
36101	1
36111	1
36113	2
36117	2
36120	1
36121	1
36122	1
36129	2
3613	1
36135	1
3614	1
36141	1
36153	1
36156	1
36170	2
36175	1
36176	1
36183	1
36184	1
36185	1
36186	1
36188	1
36189	2
36192	1
36211	1
36215	1
36216	1
36221	1
36224	1
36229	2
36233	2
36235	1
36236	2
36257	1
36258	2
36259	2
36261	2
36264	1
36282	1
36284	1
36309	1
36310	1
36313	2
36316	1
36320	1
36324	1
36325	2
36328	1
3633	1
36333	1
36346	1
36348	2
36357	1
36373	1
36375	1
36379	1
36380	1
36384	1
36386	1
36394	2
36399	2
36413	1
36416	2
36423	1
36424	2
36428	1
3645	1
36457	1
36461	1
36465	1
36467	2
36477	1
36480	1
36485	3
36490	1
36495	1
36500	3
36501	1
36502	2
36503	1
36504	1
36511	1
36512	1
36540	1
36551	1
36555	2
36562	2
36568	1
36571	1
36577	1
36578	1
36582	1
36585	2
36588	2
36591	2
36595	2
366	1
36601	1
36605	1
36612	1
36617	2
36624	1
36630	1
36640	1
36650	2
36659	1
36660	1
36663	1
36668	1
36669	1
36676	1
36678	1
36688	1
36691	1
36693	1
36696	1
36698	1
36726	2
36745	1
36748	1
36751	2
36760	1
36765	1
36768	1
36776	1
36787	1
36796	2
36800	1
36803	2
36815	1
36821	3
36822	1
36823	1
36824	1
3683	2
36833	2
36838	1
36843	2
36845	1
36850	1
36853	1
36854	1
36865	1
36869	1
36870	1
36875	2
36877	1
36880	1
36882	2
36888	1
36890	1
36891	1
36898	1
36899	1
36900	9
36902	1
36905	1
36912	1
36917	1
36919	1
3692	1
36921	1
36923	1
36929	1
36940	2
36943	2
3695	1
36950	1
36955	3
36959	1
36966	2
36967	1
36976	1
36978	1
36979	1
36980	1
36984	2
36985	2
36989	1
36990	1
36991	4
36995	18
36996	3
36997	5
36998	1
36999	3
37	161
37000	7
37022	1
37025	1
37038	1
37041	1
37043	1
37048	1
37072	1
37082	1
37084	1
37089	2
37092	1
37093	1
37097	1
37099	1
370z	4
37104	1
37106	1
37111	2
37115	1
37125	1
37140	1
37154	1
37155	1
37157	1
37177	1
37179	1
37180	1
37191	1
37200	1
37207	1
37220	1
37223	2
37229	1
37236	1
37247	2
37248	1
37249	2
3725	1
37254	1
37255	1
37256	1
37276	1
37278	1
37280	1
37282	1
37293	1
37294	1
37295	2
37297	1
37312	1
37316	1
37319	1
37322	1
37325	1
37329	1
37355	1
37380	1
37389	2
3739	1
37407	1
37413	1
37420	1
37422	1
37426	1
37434	1
37435	1
37450	1
37454	2
37455	1
37459	1
37462	1
37468	1
3747	1
37471	1
37481	1
37482	2
37488	1
37490	2
37495	2
37497	1
3750	2
37500	4
37507	2
3751	2
37526	2
37529	2
37549	1
37557	1
37560	1
37570	1
37578	1
37584	1
37587	1
37596	1
37605	1
37606	1
37609	2
37613	1
37614	1
37621	1
37629	1
37631	1
37635	1
37640	1
37649	2
37651	1
37655	1
37660	1
37662	1
37679	1
37695	2
37701	1
37703	1
37704	1
37713	1
37718	2
37724	1
37733	1
37734	1
37735	1
37743	1
37749	1
37752	1
37759	1
37770	1
37773	1
37777	2
37782	1
37783	1
37793	1
37796	1
37797	2
37799	1
37810	1
37821	1
37828	1
37829	1
37837	1
37838	1
37839	1
37847	1
37849	2
37860	1
37861	1
37864	1
37866	3
37877	1
37888	2
37889	1
37894	1
37895	4
37900	5
37910	1
37916	1
37919	2
37921	2
37935	1
37940	1
37950	3
37955	2
37984	1
37985	1
37986	1
37988	1
37990	6
37992	1
37995	11
37997	2
37998	5
37999	7
38000	11
38001	1
38002	1
38004	2
38009	1
38010	1
38015	1
38022	2
38032	1
38046	1
38052	1
38053	1
38067	2
38068	1
38071	1
38081	2
38083	1
38089	1
38090	1
3811	1
38111	1
38117	1
38118	1
38120	1
38128	2
38131	1
38140	1
38142	1
38146	1
38159	1
38163	1
38169	2
38179	1
38186	1
38197	1
382	1
38205	1
3821	1
38215	1
38221	1
38227	1
38233	1
38244	1
38277	1
38282	1
38287	1
38295	2
38296	1
38306	1
38311	1
38315	1
38324	2
38328	1
38335	2
38338	1
38343	2
38350	1
38355	1
38360	1
38362	1
38365	1
38367	1
38370	2
38376	1
38385	1
38400	2
38410	1
38412	1
38415	2
38416	1
38427	1
38445	1
38452	1
38457	1
38466	1
3847	1
38476	1
38480	2
38484	1
38492	1
38494	1
38495	3
38497	1
38498	2
3850	1
38500	1
38509	1
38514	1
38526	1
38546	1
38559	2
3856	1
38563	1
38573	1
38577	1
38578	2
38579	1
38588	1
38589	1
3859	1
38594	1
38595	1
38600	2
38602	1
38605	1
38606	1
38607	1
38627	1
38640	2
38644	1
38658	1
38660	2
38663	1
38680	1
38696	1
38708	1
38716	2
38721	1
38727	1
38745	1
38748	2
38761	1
38766	2
38769	2
3877	1
38772	1
38777	2
38778	1
38790	1
38792	1
38795	1
38800	1
38801	1
38804	1
38819	1
38837	1
38839	1
38841	2
38850	3
3886	1
38862	1
38871	1
38879	2
3888	1
38888	2
38893	1
38900	5
38910	1
38917	1
38922	1
38930	2
38939	1
38940	1
38941	1
38943	1
38946	3
38948	1
38967	2
38970	1
38975	1
38976	2
3898	3
38987	1
38988	3
38991	1
38992	2
38994	2
38995	11
38997	2
38998	1
38999	3
39	1
3900	5
39000	4
39001	1
39007	1
39008	1
39018	1
39022	1
39025	1
39027	1
39064	1
39069	1
39075	1
39079	1
39114	2
39118	1
39119	1
39120	1
39122	2
39128	1
39141	2
39144	1
39150	2
39151	1
39159	1
39190	1
39193	1
39206	1
39209	1
39219	1
3922	1
39236	1
39246	2
39249	1
39273	1
39275	1
39278	1
39289	1
39294	2
39300	3
39303	1
39315	1
39335	1
39354	1
39366	1
39373	1
39392	1
39395	1
39400	1
39423	1
39424	1
39425	1
39444	1
39451	1
39463	1
39477	1
39480	2
39483	1
39495	1
39500	3
39518	1
39524	1
39533	1
39542	1
39551	1
39552	2
39562	1
39573	1
3958	1
39591	1
39598	1
39600	1
39610	1
39611	1
39614	1
39621	1
39623	1
39629	2
39630	1
39633	1
39635	2
39652	2
3966	1
39661	1
39665	1
39668	1
39672	1
39682	1
39690	1
39699	1
39700	1
39706	2
39710	1
39768	1
39772	3
39777	2
39782	1
39785	1
39789	1
39791	1
39794	1
39796	1
39799	1
39800	2
39812	1
39816	1
39835	2
39850	1
39868	1
3987	1
39883	3
39885	2
39888	1
39900	7
39902	1
39909	1
39916	1
39919	1
39923	1
39925	1
39938	1
3995	19
39966	2
39969	1
39977	3
39980	5
39981	2
39985	2
39987	1
39988	1
39989	1
3999	4
39990	3
39993	2
39994	3
39995	26
39997	4
39998	2
39999	1
4	11583
400	2
4000	2
40000	6
40014	1
40023	1
40029	1
40032	1
40034	1
40037	1
40040	1
40052	2
4006	2
40064	1
40082	1
4009	1
40095	1
40096	1
400h	2
40100	3
40101	2
40102	2
4011	1
40117	1
40128	2
40130	1
40149	1
40167	1
40170	1
40178	2
40180	2
40183	1
40197	1
40200	2
40202	1
40203	1
40208	1
40216	1
40220	1
40222	4
40228	4
4023	1
40237	1
40251	1
40252	1
40255	1
40258	1
40266	3
40269	1
40272	1
40283	1
40288	1
40291	1
40306	1
40314	2
4032	1
40329	1
40330	1
40335	1
40340	1
40353	1
40360	1
40370	1
40391	1
40392	2
40396	1
40397	1
40400	2
40417	1
40423	1
40428	1
40448	1
40473	1
40495	1
40497	1
40499	1
40500	3
4051	1
40512	1
40519	1
40549	1
40550	1
40555	4
40559	1
40573	1
4058	1
40581	1
4060	1
40612	2
40635	1
40636	1
40637	1
4064	1
40654	1
40655	1
40658	2
40662	1
40667	1
40679	1
40694	1
40700	1
40705	1
40706	1
40717	1
40726	1
40735	1
40744	1
40763	1
4077	1
40775	1
40780	2
40781	1
4081	1
40810	1
40818	1
40820	1
40829	1
40843	1
40845	1
40847	1
40862	1
40877	1
40883	1
40897	1
4090	1
40900	1
40901	1
40906	1
40909	1
40917	1
40926	1
40932	1
40940	1
40952	1
40965	1
40971	1
40973	1
40988	1
40990	7
40991	2
40994	3
40995	7
40997	1
40998	2
41000	12
41001	1
41004	1
41012	2
41020	2
41028	1
41032	1
41034	1
41055	1
41062	1
41065	2
41100	1
41107	1
41109	2
41112	1
41117	1
41122	2
41124	1
41131	1
41133	1
41215	1
41216	1
41229	1
41239	1
41250	1
41266	2
41268	1
41275	2
41287	2
41288	1
41290	1
41291	1
41300	1
41306	1
41318	2
41323	1
41343	1
41346	1
41369	1
41373	1
4139	1
41428	1
41446	1
41449	1
41469	1
41470	1
41494	1
41498	1
41499	1
41500	5
41511	2
41519	1
41522	2
41523	1
41541	1
41542	1
41556	1
41565	1
41580	1
41589	1
41591	1
41595	2
41596	1
41597	1
41601	1
41606	1
41622	1
41625	1
41628	1
4163	1
41638	2
41639	2
41641	1
41642	1
41650	1
41656	1
41661	1
41680	1
41684	1
41689	1
41695	1
41697	1
41711	1
4172	1
41726	1
41753	1
41755	1
4178	1
41780	1
41787	1
41791	1
41795	1
41796	1
41805	1
41808	1
41809	2
41810	1
41815	1
41825	1
41833	2
41837	1
41842	1
41846	2
4185	1
41851	1
41866	1
41873	1
41885	1
41889	1
41895	2
41899	1
4190	1
41900	6
41908	1
41909	1
4191	1
41912	2
41959	1
41964	1
41972	1
41975	1
41977	2
41980	3
41993	1
41994	1
41995	5
41998	3
42	1
420	2
42000	5
42010	1
42040	2
42041	1
42097	1
42100	1
42111	2
42124	1
4213	1
42146	1
42158	1
42161	1
42167	1
42170	5
42173	1
42186	1
42206	1
42216	1
42219	1
42228	1
42236	2
42239	1
42257	1
42258	1
42261	1
42271	2
42280	1
42284	1
42291	1
42294	1
42306	1
42326	1
42333	2
4234	1
42343	1
42354	1
42355	1
42368	1
42371	1
42388	1
42395	1
42397	1
4241	1
42413	1
42414	1
42418	1
4242	1
42421	1
42425	1
42442	1
42443	2
42444	1
42448	1
42465	1
42483	1
42485	1
4249	1
42492	2
42495	2
42496	2
42497	1
4250	2
42500	2
4252	1
42533	1
42546	1
42549	1
42576	1
42582	1
42585	1
42595	1
42599	2
4260	1
42600	1
42615	1
42620	1
42623	1
42635	1
42638	1
42645	1
42650	1
42652	1
42653	1
42658	2
42664	1
42670	1
42673	1
42675	2
42677	2
42686	1
42690	1
42730	1
42731	1
42735	1
42753	1
42758	2
4276	1
42772	1
42785	1
42793	1
42796	1
4280	1
42808	1
42815	1
42828	1
42836	1
42839	1
42851	2
42876	2
42890	1
42891	1
42899	1
428i	1
42900	4
42902	1
42911	1
42920	1
42924	1
42933	1
42949	1
42950	1
42974	2
42975	1
42977	2
42980	1
42984	1
42985	2
42987	1
4299	2
42991	2
42995	4
42996	1
42998	2
42999	1
430	5
43000	6
4301	1
43013	2
43035	1
43040	1
43053	1
43055	1
43062	2
43071	1
43076	1
43082	1
43102	1
43105	1
43115	1
43121	1
43124	1
43136	1
43168	2
43169	1
43173	3
43179	1
4318	1
43219	1
43227	1
43231	1
4324	1
43255	2
4326	1
43266	1
43276	1
43282	2
43305	1
43318	1
43322	1
43335	1
43348	1
43352	1
43363	2
43365	1
43367	1
43375	1
43376	1
43388	2
43390	1
43394	1
43395	1
43414	1
43415	1
4342	1
43434	1
43437	1
43441	1
43455	1
43469	2
43478	1
43482	1
43483	1
43484	1
43486	1
4349	1
43495	1
43497	1
43498	1
43500	1
43503	1
43507	1
4351	1
43540	1
43543	1
43547	1
4355	2
43555	2
43583	1
43587	1
43595	1
43597	1
43599	1
435i	2
4361	2
43618	1
43646	1
43658	1
4366	2
43664	1
43682	1
43699	1
43700	1
43716	1
43729	1
43735	1
43742	1
43748	1
43750	1
43766	1
43788	1
4379	1
43791	1
43792	1
43795	1
43810	2
43825	1
43826	1
43830	2
43831	1
43838	2
43842	2
43845	1
4386	1
43870	1
43873	1
43875	2
43876	2
43877	2
43880	1
43882	1
43900	2
43903	1
43912	1
43916	1
43928	1
43929	2
43938	1
43939	2
43960	2
43962	2
43965	1
43975	3
43977	1
43980	1
43982	2
43984	1
43985	2
43987	1
43990	3
43991	2
43994	1
43995	10
43998	1
43999	2
44	1
44000	6
44017	1
44023	1
44031	1
44039	1
44049	1
44060	1
44065	1
44083	1
44085	1
44091	1
44095	4
44100	1
44107	1
44111	1
44119	2
44134	1
44139	1
44189	1
44190	2
44194	1
44218	1
4422	1
4425	1
44253	1
44256	1
44264	1
44268	1
4427	1
44284	1
44285	1
44287	2
44288	1
44300	3
44301	2
44309	1
44313	1
44327	1
44331	1
44333	1
44346	1
44348	2
44380	1
44384	1
44386	3
44388	1
44393	1
44399	1
44402	2
44409	1
44420	1
44428	1
44447	2
44452	1
44468	1
4447	1
44470	1
44472	1
44474	1
44478	1
44483	1
44488	1
44498	1
44499	1
4450	2
44505	1
44514	1
44520	1
44523	1
44527	3
44528	1
44529	1
4453	1
44535	2
44536	1
44555	1
44564	1
44567	1
4457	1
4458	1
44580	1
44584	1
4459	1
44596	1
44612	1
44614	1
44630	1
44633	1
44636	1
44651	1
44657	1
44663	1
44669	1
44670	1
44685	1
44700	3
44726	1
44732	1
44733	1
44740	1
44745	1
4475	1
44758	1
44763	1
44764	2
44767	1
4477	1
44773	1
44780	1
44785	1
44786	2
44790	1
44797	1
44800	1
44819	1
44846	1
44860	2
44869	1
44870	1
44875	1
44877	1
44878	2
44887	1
44889	1
44896	1
44899	1
44900	6
44901	1
44905	1
44913	1
44921	2
44927	2
44938	1
44939	1
44963	1
44968	1
44971	1
44974	1
44980	3
44985	2
44988	2
4499	1
44990	5
44991	1
44995	3
44999	3
45	5
450	50
4500	6
45000	4
45016	1
45020	3
4506	1
45060	1
45062	1
45082	1
45093	1
45094	1
45097	1
45099	1
450h	10
45112	1
45117	1
45158	2
45163	1
45169	1
45185	1
4520	1
45202	1
45214	3
45216	2
45224	1
45232	1
45268	1
45272	2
45281	1
45295	1
45306	1
45313	1
45323	1
4533	1
45334	1
45366	1
45368	1
4540	1
45401	1
45420	1
45431	1
45435	1
45438	1
45444	1
45459	1
45466	1
4547	1
45482	1
45486	1
45490	1
45495	2
45504	2
4551	1
45516	2
45537	1
45549	1
45550	1
45555	1
45587	1
45589	1
45595	1
45600	1
45634	1
45638	2
45640	1
45650	1
45698	1
45711	1
45713	1
45725	1
45737	2
45761	1
45781	1
45800	1
45806	1
45838	1
45855	1
45859	1
45872	1
45875	1
45876	2
4588	1
45881	1
45890	1
45891	1
45898	1
45900	10
45905	1
45924	1
45934	2
45943	1
45955	1
45988	1
45991	2
45994	1
45995	2
45996	1
45999	4
460	36
4600	1
46000	3
46001	1
46007	1
46009	1
46035	2
46039	1
46040	1
46050	1
46051	1
46064	1
46073	1
4608	1
46090	1
46095	1
46119	1
4612	1
4613	3
46151	1
46158	1
46169	1
46191	1
46195	1
46199	1
46200	1
46211	1
46220	2
46242	1
46243	1
46247	2
4626	1
46281	1
46284	2
46286	1
46288	2
46294	1
46295	3
46302	1
46306	1
46334	2
46337	1
46338	1
4634	1
46340	1
46351	1
46352	1
46355	1
46364	1
46385	1
46392	1
4641	1
46415	1
46442	1
46443	1
46461	1
46465	1
4647	1
4648	1
46488	1
46500	2
46503	1
46540	2
46553	1
46560	2
46573	1
46594	1
46599	1
4661	1
4662	1
46626	1
4663	1
46641	2
46651	1
46697	1
46700	1
46720	1
46721	1
46734	1
46736	1
46751	1
46755	2
46763	1
46770	1
46777	1
46783	1
46801	1
46823	1
46825	1
46829	1
4683	1
46847	1
46848	1
46849	1
46855	1
46858	2
4688	1
46887	1
46895	1
46897	1
46899	3
46900	8
46909	1
46911	1
46925	1
46929	1
46940	1
46943	1
46958	1
46961	2
46964	1
46968	1
46987	2
46991	4
46994	2
46995	4
46998	2
46999	3
470	15
4700	2
47000	3
47010	1
47014	1
47015	1
4703	1
47036	1
47040	1
47057	1
47067	2
4707	1
47082	1
47089	1
47092	1
47097	1
47102	1
47106	1
47108	1
4711	1
47115	2
47116	1
47138	1
47143	1
47147	1
4717	1
47198	1
47219	1
4724	1
4725	2
47253	1
47260	1
4727	1
47285	1
47316	1
47319	1
47341	1
47351	1
4738	1
47390	1
47397	2
47400	1
4741	1
47427	2
47430	1
47434	2
47444	1
47458	1
47469	1
4747	1
47471	2
4750	2
47501	1
47513	1
4753	1
47532	1
47543	1
4755	2
47559	1
47577	1
47578	1
47593	1
47596	1
47599	1
47600	1
47602	1
47633	1
47647	1
47649	1
47651	1
47655	1
4768	1
47688	1
47689	1
4773	1
47730	1
47750	2
47782	1
47789	2
47800	2
47824	2
47829	1
47837	1
47867	2
47871	1
47882	1
47885	2
47886	1
47888	2
4790	1
47900	1
47903	1
47909	1
47911	2
47914	1
47917	3
47939	1
47941	2
4797	1
47971	1
47981	1
47984	1
47985	1
47994	1
47995	5
47998	1
47999	3
4800	1
48000	3
48022	1
48032	1
48034	1
48049	1
48050	2
48060	1
48065	1
48075	1
48084	1
48090	1
48091	1
48106	2
48107	1
48115	1
48125	2
48137	1
48138	1
48161	1
48165	2
48202	1
48205	1
48206	2
48208	1
48226	1
48247	1
48248	1
48250	1
48264	1
4827	1
48274	1
48325	1
48374	1
48377	1
48379	1
48389	1
48395	2
48407	1
48413	1
4844	2
48455	1
48460	1
4847	1
48495	1
4850	1
48500	1
48503	1
48507	1
48543	2
48559	2
48560	1
48562	1
48594	1
48596	1
48617	2
4862	2
48671	1
48679	1
48694	1
48706	1
48714	2
48750	2
48753	1
48757	1
48759	2
48763	1
48774	1
48812	1
48816	1
48825	1
48826	1
48830	1
48841	1
48854	2
48887	1
48888	2
4890	1
48900	5
48901	1
48902	1
48921	1
48936	2
4895	1
48979	1
48985	1
48988	1
48990	1
48994	2
48995	11
48997	1
48999	2
48i	3
4900	3
49000	3
49010	1
49015	1
49018	1
49043	1
49044	1
49052	1
49058	2
49070	1
49075	1
49084	1
49134	1
49150	1
49153	2
49158	1
49181	1
49182	1
49203	2
49216	1
49236	1
49245	1
4929	1
49312	1
49324	2
49337	1
4936	2
49366	1
4939	1
4940	2
4941	1
49429	2
49434	1
49436	1
49447	1
49461	1
49481	1
4950	1
49500	2
49511	1
49527	1
49542	1
49545	1
49549	1
49560	1
49569	1
49575	1
4958	2
49581	1
49585	1
49596	1
49605	1
4963	1
49635	1
49667	1
49675	1
49752	1
49765	1
49781	1
4980	1
49800	1
49811	2
49837	1
4988	1
49886	1
4989	1
49890	1
4990	2
49900	5
49911	1
49914	2
49925	1
49938	1
4995	22
49950	2
49959	1
49961	1
49969	1
4997	1
49977	1
49980	1
49981	1
49984	1
49988	1
499898	1
4999	9
49991	2
49994	3
49995	4
49998	3
49999	1
4i	4
4runner	24
4s	7
4x	4
5	265
50	1
500	18
5000	3
50000	5
50015	1
50039	1
50096	2
50190	1
50195	1
50208	1
50231	1
5024	1
50246	1
50247	1
50277	2
50278	1
5029	1
50310	2
50330	1
50343	2
50351	1
50368	2
50378	1
50385	1
50389	1
50419	1
50434	1
50436	1
50448	1
50454	1
50460	1
50471	1
50480	1
50486	2
50487	1
50495	1
50514	1
50530	1
50535	1
50540	1
50542	2
50563	1
5057	1
50576	1
50589	2
50600	1
50621	1
50649	1
50652	1
50694	1
50705	1
50709	2
50714	1
50722	1
50731	2
5074	1
50744	2
50756	1
5076	1
50795	1
5085	1
50852	1
50870	1
50872	1
50878	1
50880	1
50884	1
50895	1
50897	1
5090	1
50902	2
50903	1
5094	1
50950	1
5096	1
50976	1
50988	1
50998	1
50999	1
50i	14
5100	2
51000	2
51001	1
5101	1
51014	1
51030	1
51037	2
5106	1
51071	1
51075	1
51105	2
51115	1
51140	1
51141	1
51150	2
51159	1
51178	1
51181	1
5120	1
51211	1
51221	1
51249	1
5125	1
51268	1
51279	1
51284	1
51288	1
51290	1
51310	1
51311	1
5132	2
51324	1
5134	1
5136	2
51406	2
51414	1
51426	1
51431	1
51433	1
5145	2
5148	1
51485	1
51500	1
51502	1
51509	1
51518	1
51523	1
51543	2
51599	1
51603	1
51621	2
51624	1
51625	1
51632	1
51648	1
51650	1
5169	1
51717	2
51722	1
51782	1
51793	1
51810	1
51818	1
51820	1
51832	1
51836	1
5184	1
51845	1
51853	2
51856	1
51880	1
51888	1
51895	1
51899	1
5190	1
51900	4
51911	1
51922	1
51930	2
51940	1
5195	1
51952	2
51960	1
5197	1
51980	1
51990	1
51995	5
52000	2
52019	1
52040	1
5206	1
52064	1
52067	1
5209	1
5210	2
52143	1
52159	1
52165	1
52193	1
52195	1
5222	1
52232	1
5225	1
52290	1
52291	1
52296	1
52328	1
52355	1
52371	1
5245	1
52458	1
52475	1
52495	2
52498	1
52499	1
5250	1
52500	1
52507	1
5251	1
52527	1
52544	1
52553	1
52555	1
5259	2
52593	1
525i	5
525xi	2
52642	2
52654	1
5267	2
52675	1
52677	1
52703	1
52707	1
52745	1
52762	1
52764	1
5278	1
52827	1
52834	1
52847	1
5285	1
52856	1
52863	1
52896	1
528i	23
528xi	4
52900	5
52917	1
5292	1
52928	2
5294	1
52943	2
52954	2
52956	1
52960	1
52968	1
52989	2
52991	1
52995	3
52998	1
52999	1
53000	3
53001	1
53006	1
53021	1
53062	1
53065	2
53075	1
53082	1
530i	3
530xi	3
5311	1
53145	1
53146	1
53152	1
53166	1
53180	1
53185	1
53187	1
53190	1
53197	1
5320	1
53206	1
53207	1
53219	1
53221	1
53232	1
53273	1
53279	1
53295	2
53315	1
53356	1
53357	1
5336	1
5338	2
53384	1
5342	2
53420	1
53453	1
53462	1
5347	1
53477	1
53493	1
53499	1
53508	2
5351	1
53512	1
53520	1
53546	1
53576	1
53589	1
53596	1
53599	2
535i	69
535xi	8
53643	2
53655	2
53689	1
53693	1
53696	1
53701	1
53729	1
53735	2
5377	1
53772	1
53797	1
53803	1
5381	2
53810	2
5384	1
53851	1
53858	1
5386	2
53866	2
5388	1
53900	2
5391	1
53951	1
53954	2
5398	1
53985	1
53991	1
53993	1
53994	1
53995	3
5400	5
54000	2
54001	1
54012	1
54014	2
5402	1
54030	1
54043	1
54123	1
54141	1
5418	1
54190	1
54229	1
54242	1
54243	1
54244	1
54284	1
54297	1
5431	1
54318	1
54328	1
54361	1
54380	1
5439	1
54405	1
54423	1
54428	1
54431	1
5444	1
54447	1
5446	1
54487	1
5450	1
54537	1
54568	2
5457	1
54588	1
5459	1
54603	1
54608	1
54618	1
54636	2
54645	1
54649	2
54654	1
54661	1
54675	1
54802	1
54804	1
54813	1
54840	1
54883	2
54900	3
54926	1
54931	1
5495	2
5499	1
54991	1
54995	2
55	7
550	88
5500	3
55000	1
55030	1
55046	1
55047	2
55048	1
55049	2
55076	1
55087	1
55092	2
550i	7
5511	1
55122	1
55130	1
55141	1
55146	1
55169	1
55173	1
5519	1
55196	1
55216	1
55224	1
55225	1
55236	1
5524	1
55254	1
55264	1
55273	1
55300	1
55314	1
55315	1
55321	1
55364	1
5540	1
55413	1
55443	1
55447	1
55449	1
55451	1
55500	1
55541	1
55542	1
55543	1
5555	3
55567	1
55576	1
5558	2
55593	1
5564	1
55645	1
55651	1
55700	1
55741	1
55762	1
55784	2
5581	1
55820	1
5583	1
55833	1
55841	2
55851	1
55863	1
5587	1
55871	1
55879	1
5589	1
55900	1
55914	1
55934	1
5594	1
55949	1
5595	1
55955	1
55974	1
55986	1
55987	1
55990	2
55991	2
55993	2
55995	2
55998	1
55999	1
56	35
56000	5
56003	1
56027	1
56054	2
56055	1
56062	2
56065	1
56066	1
56087	1
56093	1
56110	1
56157	1
56161	1
5617	2
56174	1
56177	2
56213	2
56238	1
56269	1
56289	1
56320	1
5635	1
56352	1
56420	1
56461	1
56495	1
56520	1
56523	3
5653	1
56541	1
56564	1
56589	1
56596	2
56615	1
56639	1
56644	1
56665	1
56729	1
56765	1
56781	1
56786	1
56802	1
56866	2
56876	1
56888	1
56890	3
56898	2
56900	2
56941	2
56957	1
56977	1
5699	1
56998	2
56999	1
570	12
5700	1
57000	2
57002	1
57009	1
57058	1
5706	1
57064	1
5707	1
5709	1
57118	1
57169	1
57172	1
57181	1
57183	1
57191	1
57211	1
57212	1
57294	1
57300	1
57311	1
57320	1
57324	1
5736	1
57484	2
57493	1
5750	1
57506	1
5751	1
57511	1
57516	1
57535	2
57546	1
57552	1
57586	1
57587	1
57607	1
57617	1
57625	1
57652	1
5766	1
57680	1
57722	1
57740	1
57765	1
57800	1
57801	1
57803	1
57810	1
57820	1
57826	2
57854	1
5786	1
57871	1
57895	1
5790	2
57900	1
5791	1
57913	1
57941	1
5795	1
57973	1
57976	1
57985	2
57986	1
57995	2
57998	2
57999	1
58	1
58000	1
58037	1
58050	1
58198	1
5820	2
58210	2
58216	2
58225	1
58247	1
58273	2
58274	1
58275	1
58287	1
5830	1
5831	1
5833	1
58360	3
58388	1
58390	1
58416	1
58434	2
58439	1
5847	2
58470	1
58488	1
58498	1
58501	2
5855	1
58553	1
58588	1
58599	1
58615	2
58625	1
58630	1
58637	1
5865	1
5867	1
58704	1
5873	1
58730	1
58731	1
58742	2
58765	1
58777	1
5879	1
58799	1
58852	1
5886	2
58864	1
58877	1
5890	1
58900	3
5894	1
58955	1
58976	1
58977	1
58992	1
58995	3
58997	1
58999	2
5900	10
59000	1
59002	1
5901	1
59084	1
59091	2
59102	1
59116	2
5913	1
59157	1
5916	1
59171	1
59214	1
59270	1
5928	1
59288	1
59297	1
59321	1
59329	1
5933	2
5934	2
59345	1
5935	1
59351	1
5936	2
59362	1
59368	2
59378	1
59393	1
59412	1
59416	1
5947	2
5950	2
59530	1
59598	1
5960	1
59600	1
59609	1
59614	1
59615	2
5963	1
59634	1
59637	1
59654	1
59671	1
59702	1
59723	2
59730	1
59736	1
59738	2
59743	1
59745	1
5977	1
59779	1
5978	1
59795	1
59817	1
59829	1
59836	1
59864	1
59866	1
59888	1
5990	1
59900	3
59902	1
59909	1
5994	2
59941	1
5995	29
59960	1
5997	2
59983	1
5999	2
59994	1
59995	1
59999	1
5i	79
5x	14
5xs	2
5xt	6
6	4340
6000	8
6007	1
60097	1
60112	1
60169	1
6022	1
6025	1
60268	1
60285	2
6029	1
60301	1
60311	1
60312	1
6034	2
60383	1
60390	1
60402	1
60403	1
60425	1
60447	2
60451	1
60455	1
60496	1
60500	1
60505	1
60528	1
60572	1
6061	1
60611	1
6066	1
60672	1
60680	1
60681	1
60686	1
6071	1
60746	1
60785	1
60810	1
60827	1
60853	1
60888	1
60900	1
60905	1
6093	1
60969	1
60988	1
60994	1
60995	1
60998	1
60999	1
61000	2
6101	1
61017	1
6103	1
61038	2
61100	1
61121	1
61128	1
6115	1
61244	1
6126	1
6128	1
61281	1
61353	2
6136	1
61363	1
61372	1
6141	1
61439	2
61449	1
6146	1
6149	1
61500	1
61522	1
6157	2
61574	1
61575	1
61576	1
61624	1
61631	1
61642	1
61644	1
61647	1
61659	1
61674	1
6171	1
6173	1
6174	1
61775	1
6178	1
61782	1
61808	1
61817	1
61822	1
6185	1
6187	1
61888	1
619	1
61900	3
61950	1
61983	1
61985	2
61995	1
61996	2
61998	1
62	2
6200	1
62008	1
6203	1
6204	1
62067	1
62076	1
62090	1
6210	1
62103	1
6214	1
62151	1
6216	1
62169	1
62171	1
62177	1
62201	2
62204	2
62218	2
62230	1
62269	1
62326	1
6233	1
62341	1
62401	1
62404	1
62406	1
62417	1
62437	1
6246	1
62474	1
62508	1
62541	1
62555	1
62575	2
62577	1
626	1
6262	2
62646	1
62654	1
62662	1
6267	1
6268	1
62696	1
6270	1
62702	1
62703	1
62737	2
62745	1
62749	1
62779	1
6279	1
6284	1
62846	1
6289	1
62893	1
62896	1
62928	1
62931	1
62965	1
6298	1
6299	1
62991	1
63	14
63000	4
63002	2
63020	1
63038	2
6306	2
63077	2
63080	2
63085	1
6312	1
63180	1
63185	1
6320	1
63215	2
63220	1
63225	1
63247	1
6325	1
63251	1
63354	1
63360	1
63381	1
63404	1
63410	1
63411	1
63423	1
63447	2
6350	1
63502	1
6352	3
63543	1
63563	2
63574	1
63591	1
63592	1
63614	1
63619	1
6362	1
63679	1
63687	1
63700	1
63716	1
63800	2
63806	1
63832	1
63835	1
63845	2
63848	4
63870	1
63929	2
63934	1
6394	1
63944	1
63988	1
6399	1
63991	3
63995	1
63999	2
6400	2
64015	1
64055	1
640i	4
64127	2
64161	1
64206	1
64233	1
6425	1
64303	2
64307	1
64339	1
64405	2
6446	1
64475	1
64574	1
6458	1
645ci	3
64605	2
64646	1
64662	2
6468	1
6470	1
6476	1
64765	1
6477	2
64780	1
64802	1
64804	1
64817	2
64829	1
6486	1
64862	1
64885	1
64900	2
6491	1
6495	7
64980	1
64984	1
64995	3
64997	1
6500	2
65024	1
65050	1
65058	1
6506	1
650i	8
650xi	7
65100	1
65134	1
65141	1
65148	1
65151	1
6520	2
6522	1
65235	1
65263	1
6527	1
65320	1
65327	1
6533	1
65372	1
6538	1
65414	1
65415	2
65418	1
6542	1
65431	1
65436	1
65447	1
65451	1
655	1
65514	1
65516	1
65523	1
65532	1
65536	4
6555	1
65601	1
65642	1
65668	1
6568	1
65717	1
65733	1
6577	1
65774	1
65779	1
6581	1
65836	1
65856	1
65887	1
65892	1
65900	1
65950	1
6596	1
65979	1
65985	1
6599	2
65995	1
6600	1
6604	1
66047	1
6609	1
66101	1
66135	2
66167	1
66215	1
66227	1
66231	1
66276	2
66287	1
66288	1
6629	1
66299	1
6630	1
66363	1
66383	2
66404	1
66421	1
66425	2
66443	1
66484	1
6653	1
66573	1
66605	1
66651	1
66658	2
66687	1
66690	1
66693	1
6672	2
66729	1
66764	1
66789	1
66818	1
66819	1
66822	1
66839	1
66895	2
66900	1
66939	1
6694	2
66943	1
66969	1
66976	1
66999	4
6700	3
67069	2
67140	1
67161	1
67178	1
6718	1
67181	1
67211	1
67287	1
67369	1
6743	1
6744	1
6745	1
67459	1
67471	1
67564	1
6759	1
6761	1
67639	1
67680	1
67694	1
67700	1
67739	1
67763	1
6779	1
67799	1
67803	2
67809	1
67812	1
6783	4
67836	1
67838	1
67894	1
6790	2
67916	1
6793	2
67955	2
67987	1
67990	1
67999	1
68000	1
68013	1
6806	2
68071	1
68091	1
68128	1
68137	1
68149	1
68190	1
68244	2
68260	1
68280	1
68311	1
68374	1
6840	1
68417	1
68536	1
68570	1
6861	2
68646	1
6865	1
68685	1
6872	1
68730	1
68758	1
68759	1
6878	1
68783	1
68796	1
68801	2
68802	1
68817	1
68835	1
6886	1
6889	1
68897	1
6895	2
68960	2
68971	1
68987	2
68995	2
6900	13
69045	1
69046	1
69068	1
6908	2
6909	1
69100	1
69132	1
6914	3
69185	2
6919	2
6920	1
69212	1
6925	2
69285	2
69290	1
69321	1
6933	1
69362	2
69405	1
69417	2
6942	1
6943	1
69483	1
69484	1
69489	1
6950	2
69516	1
6955	1
69576	1
69600	1
69610	1
69664	1
69673	1
69694	1
69700	3
6971	1
69755	1
6976	1
6977	2
69770	2
69829	1
69840	1
6986	1
69885	2
69888	2
69895	1
6990	2
69900	2
69905	1
6995	31
69950	1
6997	1
6998	4
69981	1
69988	1
6999	9
69997	1
69999	1
6r	15
7	69
7000	5
70000	1
70002	1
70006	2
7001	1
7002	1
7004	1
70073	1
7009	1
70094	1
70123	1
7015	2
70155	1
7016	1
70194	1
70200	1
70209	1
70264	1
7032	1
70343	1
7038	1
70392	1
70464	1
70500	1
7051	1
70578	1
70581	1
70582	1
70604	1
7062	1
70620	1
70632	1
70657	1
70670	1
70710	1
70743	1
70749	1
70771	1
70779	2
70802	1
7082	1
70845	1
7085	1
70865	1
70866	1
7089	1
70891	1
70915	2
7097	1
70995	1
70998	1
71000	1
71002	1
71048	1
71056	1
7106	2
71061	1
71105	1
71165	2
71194	1
7120	1
71200	3
71201	1
71216	2
7124	2
7125	1
71323	1
7134	1
71348	2
71371	1
71388	1
7145	1
71482	1
71536	1
71545	1
71549	1
71562	1
71606	1
71620	1
71641	1
71649	1
7166	1
71679	1
71703	1
7172	1
71727	1
71753	1
71781	1
71826	1
71831	1
7184	1
7186	2
7187	1
7190	1
71900	1
7196	2
71967	2
71968	2
71985	1
72000	2
72011	1
72049	1
72071	1
72073	1
7210	2
7211	1
72127	2
72156	1
72177	1
7218	1
7221	1
72214	1
72215	2
72221	1
7225	1
72250	1
72255	2
72260	2
72262	1
72281	1
72294	1
72329	1
72335	1
72356	1
72384	2
72399	1
72407	1
72416	1
72419	1
72442	1
72456	2
72458	1
72465	1
72481	1
72505	1
72543	1
72549	1
7255	1
72561	1
72569	1
7259	1
7261	1
72611	1
72616	1
72628	1
72640	1
72644	1
7265	1
72705	2
7272	1
72737	1
72834	1
72862	1
72900	2
72937	1
72989	1
72991	1
72995	1
7301	2
73071	2
73097	1
73112	1
7312	1
7318	1
73197	1
73214	1
73249	1
73257	1
73306	1
73332	1
7334	1
73406	1
73477	2
73483	1
73528	1
73540	1
7356	1
73572	1
73577	1
73578	1
73585	1
73616	1
73624	1
73679	1
73699	1
73707	1
7371	1
73727	1
73741	1
73772	1
7380	2
7386	1
7388	1
73883	1
73899	3
73900	1
7391	1
73912	1
73924	1
73929	1
73931	1
7394	1
7396	1
73963	1
7398	1
73995	1
7400	2
74022	1
7404	1
7406	1
7407	1
74085	1
74094	1
740i	2
740li	4
74116	2
74175	2
74295	1
7430	1
74326	1
74329	1
74335	2
7437	1
74399	1
74422	1
74440	1
74443	1
74448	1
74479	1
7450	1
74513	1
74518	1
7454	1
74557	1
74572	1
74602	1
7464	1
74641	2
74646	1
74658	1
74703	1
7471	1
7472	1
7477	1
74812	3
7483	2
74854	2
74872	1
74879	1
7488	1
74882	1
7489	1
7490	1
74902	1
74925	1
74947	1
7495	6
74950	1
74963	1
74965	1
74969	1
7497	1
74970	1
7498	1
74995	1
75	1
7500	10
75016	1
75061	1
75066	1
7508	1
75091	1
750i	9
750li	26
75105	1
7516	1
75189	1
75217	1
75242	2
75301	1
7532	1
75396	1
75400	1
75403	1
75436	1
75441	1
75465	2
75482	1
75537	1
7556	2
75560	1
7558	1
75583	1
75597	1
7560	1
75626	1
75728	2
75770	1
75771	1
75789	1
7579	1
75813	1
75829	2
7584	1
75858	1
75882	2
7589	1
75910	1
75911	1
7594	1
75979	1
75991	1
75995	1
76	1
760	1
7600	1
7601	1
7603	2
7608	1
76113	2
76124	1
76144	1
76186	1
76192	1
76198	1
76212	1
76220	2
76288	2
76289	1
76321	1
76326	1
76333	1
76349	1
76365	1
7640	2
76418	1
76420	1
76450	1
7647	1
76470	2
7650	1
76500	1
7651	1
76568	1
76607	1
7661	1
76622	1
76627	1
76635	1
76641	1
7666	1
76667	1
76743	1
76778	1
76807	1
76863	1
76871	1
76877	1
7689	1
7690	1
76909	1
76939	1
76995	1
7700	5
77024	2
77060	1
7717	1
7719	1
77195	1
77278	1
77306	1
77360	1
77367	1
77391	1
77401	1
77472	1
7749	1
77492	1
7750	1
77525	1
7754	1
7755	2
77571	1
77588	1
776	1
7760	1
7764	1
7767	1
77702	1
7774	1
7776	1
77809	1
7781	3
7784	1
7788	1
77882	1
77890	1
7790	2
77900	1
7795	1
77956	3
7796	3
77967	1
77994	1
78000	1
78001	1
78059	3
78063	1
78065	1
78099	1
78104	1
7812	1
78146	1
78234	1
7826	3
78302	1
78308	3
78322	1
78343	1
78391	1
78423	1
78454	2
78473	1
7848	2
78495	1
78500	1
78544	1
7858	1
78646	1
78651	1
78696	1
78699	1
78700	2
78771	1
7886	2
78900	1
78912	1
78930	2
7895	2
7897	1
78987	1
78994	1
7900	20
79017	1
7904	1
7909	2
79189	1
79209	1
79250	1
79337	1
79393	1
79404	2
79492	1
7950	1
7951	1
7952	1
79524	1
79551	2
79585	1
79587	2
79593	1
79606	1
7963	3
7964	1
7967	2
79670	1
79695	1
79696	1
7970	1
7975	1
7977	1
79792	2
79799	1
79818	1
79841	1
79842	1
7985	1
7988	1
79882	1
79885	1
7989	1
79890	1
79898	1
7990	3
79900	3
7993	1
7994	1
79946	1
7995	40
7997	1
79974	1
7999	8
7t	3
8	1175
8000	2
80005	1
80022	1
80028	1
80101	1
8011	1
80150	1
80194	1
80306	1
80315	1
80337	1
80370	1
80378	1
80379	1
80411	1
80427	1
8044	1
8048	1
80513	1
80521	2
8055	1
80562	2
80614	1
8078	1
8081	1
80813	2
8083	1
80842	1
80883	2
80906	2
80970	1
8099	1
81000	1
81035	1
81102	1
8111	1
81129	1
81160	2
81173	1
8121	1
81231	1
8128	2
81319	1
8135	2
81359	1
81376	1
81415	1
81422	1
8144	2
81440	1
81465	1
81500	2
81504	2
81556	2
8159	1
81593	1
81612	1
8162	1
81635	1
8167	1
8168	1
81739	2
8177	2
81855	1
8186	3
8188	1
81887	1
8190	1
8195	1
8200	1
8201	1
82143	1
82146	1
82169	1
8217	1
82170	1
82206	1
82231	1
82245	1
82257	1
82265	1
8229	1
82365	1
82439	1
82460	1
82473	1
82476	2
82490	1
82508	1
82539	1
8256	1
82632	1
82639	1
82713	2
8273	1
82771	1
82801	1
82804	1
82807	1
82851	1
8287	1
82896	1
82950	1
82998	2
8300	2
83000	1
83015	2
8302	2
83107	1
83140	1
83206	1
83243	1
83244	1
8326	1
83275	1
83294	1
8330	1
8334	1
8336	1
83361	1
83379	1
83444	1
83445	2
8355	1
83573	2
83590	1
83636	1
83685	1
83714	1
83746	1
8375	1
83773	1
83790	1
83837	1
8384	1
83848	1
83868	2
8388	1
83898	1
83900	1
83940	1
8395	1
83995	2
8400	2
84000	1
84009	1
84018	1
84019	1
84023	1
84046	1
8405	1
84062	1
8408	1
841	1
8411	1
84113	1
8412	1
8413	1
84204	1
8422	1
8427	1
84309	1
8432	1
84323	1
8441	1
84437	1
8444	1
84443	1
84452	1
8448	1
84482	1
8450	4
8451	1
84510	1
84528	1
84535	2
8457	1
84608	1
8461	1
8462	4
8463	1
8465	1
84659	1
8468	2
8471	1
84735	1
84747	1
8477	2
84772	1
84853	1
84875	1
8490	2
8491	2
8493	1
84934	1
8495	5
84954	1
84999	1
85001	2
85009	1
85067	1
8508	1
85089	1
85094	1
85126	1
85151	1
8518	1
8520	1
85201	1
85243	1
8529	1
8530	1
85319	1
8533	1
85423	1
85455	1
85488	1
8553	1
8555	1
85553	1
85555	1
85559	1
85561	1
85580	2
85586	1
8559	1
85603	2
8561	1
85638	1
8565	1
85658	1
85669	2
8573	1
85738	2
85765	2
85820	2
85862	2
85896	1
85920	1
85924	1
8593	1
8595	2
85959	1
85961	1
85970	2
86022	2
86059	1
86061	1
86071	1
8609	1
86092	1
86166	1
8621	3
86213	1
86220	1
86263	1
86314	1
86361	1
8638	1
8640	1
8644	2
86469	1
8647	1
86492	2
8652	1
86537	2
8658	2
8661	1
86612	1
86618	1
8672	1
86720	1
86763	1
86781	1
8679	1
8681	1
8690	1
86905	1
86908	1
8691	1
8694	2
86960	1
86985	1
86993	1
86995	1
8700	6
87056	1
8709	1
87090	1
8718	1
87211	2
8724	1
87245	1
8730	1
8732	1
87346	1
87373	2
87376	1
8741	3
8746	1
87492	1
875	1
8750	2
87511	2
87580	1
87600	1
87666	2
87667	1
87696	2
8775	1
87780	1
87820	2
87829	2
8785	1
87852	1
87855	1
87876	1
8788	1
8793	1
8795	1
87990	2
8800	2
8803	1
88039	1
8807	1
8815	1
88158	2
88163	1
88239	2
883	1
88373	1
88498	1
8850	1
8853	1
88535	1
88545	1
8858	2
886	1
88601	1
88610	1
8865	1
88685	1
88720	1
88737	1
8877	1
888	1
88824	1
88851	1
8886	3
88878	1
88879	1
8888	1
88900	2
88910	1
8895	1
88955	1
88996	1
88999	2
8900	7
89028	2
89065	1
8908	1
89100	1
8914	1
89229	1
89238	1
8929	1
89328	1
8935	1
89373	1
8940	1
8943	1
89432	1
89451	1
89483	1
8949	1
8950	5
8953	2
8954	1
8955	2
89582	1
89597	1
89618	1
8963	1
89683	1
89687	1
89689	1
89732	1
89747	1
89753	1
89757	1
8976	1
8977	5
89786	1
8989	1
8990	6
89900	1
89913	1
8992	2
8995	37
89977	2
89985	1
8999	6
89990	1
89995	4
8i	7
8t	7
9	47
900	3
9000	5
90114	1
9017	1
90173	1
90186	1
90200	1
9022	1
90271	1
90301	1
90325	1
90355	2
9036	1
90367	1
9038	2
90381	1
9043	1
9044	1
90457	2
90536	1
90665	1
90677	1
9073	1
90761	1
90774	1
90780	1
90797	1
90807	1
90820	1
90859	1
90890	1
90951	2
90962	1
90967	1
90980	1
91001	1
91056	1
91059	1
91072	1
9108	1
911	21
91114	1
91136	1
91236	1
9126	1
91271	1
9128	1
91296	1
9131	1
91356	1
91371	1
9139	1
91410	1
91420	1
91421	1
91466	1
9147	1
91538	1
91544	1
91547	2
91565	1
91597	1
9167	1
91729	1
91773	1
9180	1
91856	1
91888	1
9189	1
91995	1
9201	1
92014	1
9211	1
92138	1
92142	1
9215	1
9230	1
92345	1
92382	1
92446	1
9245	1
92455	1
92465	1
92515	1
9256	2
92618	1
92623	1
9268	2
92686	1
92689	1
9272	1
92763	1
9279	1
92928	2
92970	1
9300	1
93039	1
9306	1
93076	1
93088	1
93145	2
93170	1
93171	1
93196	2
93283	2
93323	1
9334	1
93347	2
9335	1
93373	1
9343	1
93462	1
9351	1
9353	1
9356	1
9357	1
93571	1
93592	1
9378	1
9383	1
93872	1
9388	1
93884	1
93888	1
93908	1
93939	1
9395	4
93977	1
93979	1
9398	2
9400	1
94024	1
9403	1
9410	1
94142	1
94164	1
94198	1
94222	2
9424	1
9425	1
94334	1
94338	1
9435	1
9443	1
9447	1
94472	1
9450	1
9452	1
9456	1
94576	1
9458	3
94582	1
9461	1
94619	1
9469	1
94711	2
9477	3
94812	1
94821	1
94822	1
94828	1
94853	2
9486	1
9487	2
94875	1
94880	1
94900	1
9495	4
94977	1
94990	1
94994	1
9500	1
95013	1
95019	1
95025	2
9505	1
95053	1
95076	2
95095	1
95101	1
9518	1
95269	2
9527	1
95273	1
95278	1
95300	1
95303	2
95307	1
95409	2
95444	1
9545	1
95534	2
9555	3
95591	1
9560	1
95617	1
9574	1
95767	1
9578	1
95792	1
9583	1
95976	1
95987	1
9600	1
96021	1
96093	1
961	1
9610	1
96176	1
9621	1
9625	1
96267	1
96296	1
96353	1
96355	1
96403	1
96428	1
96446	2
96480	2
9652	1
9655	2
96581	1
96615	1
96638	1
96645	1
96665	2
96681	1
96706	1
96720	2
96725	1
96755	1
96794	1
96822	1
9684	1
9685	1
9687	1
96919	1
9694	1
96949	2
9695	1
9700	1
97060	1
9707	1
9721	2
97239	1
97264	1
97303	1
97358	1
9741	1
9742	1
97478	1
9750	2
97559	2
97564	2
9778	1
97811	1
97821	1
97842	1
9785	1
9790	1
97900	1
9795	1
9799	1
98015	1
98036	1
98041	1
98084	1
98094	1
9814	1
9816	1
9817	1
98199	1
9828	1
98286	2
9829	1
9830	1
98300	1
9831	1
9837	1
9840	1
9843	1
9852	1
9853	1
98576	1
98578	1
9860	1
98609	1
98611	1
98614	2
9867	2
9869	2
9873	1
9874	1
9875	3
9886	3
98862	1
9888	1
98914	1
98915	1
98927	1
98931	1
98944	1
9895	2
9900	14
99034	1
99043	1
9910	1
99110	1
99147	1
99201	1
9922	1
99226	1
99253	2
9926	1
9927	1
9930	1
9940	1
99412	1
99453	1
99490	1
9950	2
99526	1
99536	1
99571	1
9961	1
9964	2
9967	1
99674	1
99704	1
99752	1
9976	1
9977	1
9978	1
9979	1
9982	3
99824	2
9984	1
9986	2
9990	6
99902	1
9991	1
9992	1
9994	1
9995	45
99966	1
9997	3
9998	5
9999	15
a3	3
a4	87
a5	15
a6	31
a7	10
a8	13
acadia	42
accent	7
accord	308
acura	393
advance	7
adventure	1
aero	2
allroad	2
altima	325
amg	22
armada	22
aspen	2
aston	4
astro	3
ats	6
audi	231
aura	2
autobahn	2
autobiography	1
automatic	8797
avalanche	4
avalon	32
avenger	13
aventador	1
aviator	3
azera	18
base	13
bauer	15
beetle	11
beige	102
bentley	2
benz	691
berlinetta	1
black	6569
blazer	2
blue	767
bmw	612
body	1
bonneville	1
boss	2
boxster	5
bronze	18
bros	2
brown	547
buick	47
c	226
c30	5
c70	3
cabrio	1
cadillac	199
caliber	8
california	1
camaro	37
camry	221
captiva	3
car	4
caravan	36
carlo	3
carrera	11
cayenne	23
cayman	2
cc	28
ce	7
celica	2
century	2
challenger	19
charger	32
chassis	3
cherokee	146
chevrolet	350
chrysler	119
citadel	1
civic	192
cl	8
classic	1
clk	10
cls	6
clubman	5
cobalt	8
color	2
colorado	1
commander	8
compass	14
connect	18
continental	6
convenience	2
convertible	233
cooper	55
corolla	86
corvette	14
country	34
countryman	8
coupe	401
cr	168
crew	12
crosscabriolet	3
crosstour	9
crosstrek	7
cruiser	21
cruze	25
ct	6
cts	58
cube	4
cup	1
custom	4
cutlass	1
cx	63
cxl	19
cyl	8975
dakota	2
dart	10
davidson	4
db9	1
dbs	1
denali	14
design	6
deville	1
discovery	1
dodge	173
doors	1
dts	14
durango	24
dx	1
dynamic	2
e	241
eclipse	8
eco	4
econoline	78
eddie	15
edge	51
edition	248
el	2
elantra	42
electric	4
element	8
enclave	13
endeavor	1
engine	1
entourage	5
envoy	3
eos	6
equinox	36
equus	1
es	139
escalade	52
escape	81
escort	1
esv	14
evolution	2
evoque	9
ex	321
exl	281
expedition	13
explorer	91
express	13
ext	21
f	81
f1	1
f430	3
fe	52
fender	2
ferrari	7
fiat	3
fiesta	16
fit	12
five	4
fj	13
fleetwood	1
flex	3
flying	2
focus	62
ford	659
forester	27
forte	9
fortwo	2
four	4
fr	4
freelander	1
freestar	3
freestyle	1
frontier	15
fusion	87
fx	42
fx4	10
g	165
g5	1
g6	10
galant	11
gallardo	3
genesis	23
ghost	3
gl	58
gle	1
gli	2
glk	38
gls	125
glx	3
gmc	116
gold	61
golf	7
grade	3
grand	219
gray	4369
green	159
group	5
gs	44
gsr	1
gt	38
gt500	1
gtc	1
gti	19
gtp	1
gts	11
gx	32
gxe	3
h2	5
h3	6
harley	4
hatchback	273
hero	1
hhr	2
highlander	87
highline	1
honda	917
hs	4
hse	37
hummer	11
hybrid	118
hyundai	312
i	45
ilx	2
impala	42
impreza	29
in	10
infiniti	302
insight	5
ion	2
is	60
ix	1
jaguar	26
jeep	321
jet	2
jetta	73
jimmy	2
john	3
journey	12
juke	17
jx	3
k	2
kia	96
king	1
kizashi	1
komfort	9
l	31
lacrosse	12
lamborghini	4
lancer	16
land	88
laramie	8
laredo	89
lariat	10
latitude	14
le	229
leaf	2
leather	5
legacy	35
lesabre	2
lexus	454
lhs	1
liberty	61
limited	388
lincoln	98
line	1
livery	2
lp550	1
lp570	2
lr2	10
lr3	3
lr4	11
ls	90
lt	183
ltz	40
lucerne	3
luxury	70
lx	254
lxp	32
lxs	11
m	44
m3	12
m5	2
magnum	1
mainstreet	4
make	1
malibu	45
manual	283
mariner	3
mark	1
marquis	6
martin	4
maserati	2
matrix	6
max	2
maxima	99
maybach	2
mazda	124
mazda3	25
mazda5	4
mazda6	23
mazdaspeed	6
mazdaspeed6	1
mclaren	1
mdx	151
mercedes	691
mercury	26
miev	1
milan	6
mileage	1
mini	52
minivan	309
mitsubishi	50
mks	10
mkt	1
mkx	32
mkz	27
ml	110
model	2
monte	3
montego	3
mountaineer	7
mpv	1
murano	94
mustang	47
navigator	9
nbx	1
neon	1
new	1
nismo	2
nissan	1035
nitro	5
nv	2
nv200	1
odyssey	75
oldsmobile	1
optima	29
orange	21
outback	57
outlander	12
outlook	1
overland	15
paceman	1
pacifica	10
panamera	25
passat	28
passion	1
pathfinder	58
patriot	16
performance	18
pickup	218
pilot	136
pink	1
platinum	18
plug	9
plus	24
plymouth	2
pontiac	26
pop	1
porsche	76
portfolio	2
premier	5
premium	98
price	1
prius	39
prix	8
pro	4
pt	6
pure	8
purple	38
q5	19
q50	1
q7	25
quattroporte	2
quest	16
qx	36
qx70	1
r	26
r/t	24
r8	1
rabbit	3
ralliart	1
ram	36
ranch	1
range	60
ranger	2
rapide	1
raptor	5
rav4	131
rdx	47
red	679
regal	9
rendezvous	1
ridgeline	13
rio	2
rl	7
rlx	4
rogue	188
rolls	3
rondo	3
rotary	1
routan	3
rover	146
royce	3
rs4	1
rs5	3
rsx	3
rt	1
rtl	10
rts	1
rubicon	2
rx	165
s	623
s4	10
s40	5
s5	6
s60	36
s7	1
s8	2
s80	27
saab	17
sable	1
sahara	8
santa	51
saturn	19
sc	1
scion	22
sdrive28i	1
sdrive30i	1
se	407
sebring	10
sedan	3905
sedona	10
sel	85
sentra	131
sequoia	9
series	405
ses	4
seville	1
shelby	1
sho	3
si	14
sienna	99
sierra	9
signature	3
silver	1717
silverado	18
sky	1
sl	142
sle	28
slk	4
slr	1
sls	3
slt	71
smart	2
solara	9
sonata	122
sonic	4
sorento	20
soul	13
spark	2
spec	5
special	4
spectra	1
spider	5
sport	242
sportage	9
sprinter	2
spur	2
sr	68
sr5	19
srt8	13
srx	55
ss	18
st	3
sti	7
stratus	1
sts	4
stx	3
style	1
subaru	162
suburban	30
supercharged	21
supreme	1
suv	3409
suzuki	5
sv	167
svt	5
sx	16
sxt	56
t5	4
tacoma	13
tahoe	20
tan	1341
targa	1
taurus	24
tc	8
te	1
technology	160
terrain	23
tesla	1
three	5
tiguan	28
titan	8
titanium	9
tl	87
torrent	1
touareg	6
touring	173
town	38
toyota	855
trac	2
track	3
trail	1
trailblazer	8
trailhawk	1
transit	18
transmission	1
traverse	23
tribeca	7
tribute	6
truck	4
tsx	88
tt	2
tucson	30
tundra	17
turbo	14
turbox	1
two	5
type	9
ultimate	3
unlimited	46
uplander	1
v	174
v70	5
v8	2
van	98
vantage	1
veloster	6
venture	3
venza	55
veracruz	7
verano	5
versa	35
vibe	5
volante	1
volkswagen	213
volt	1
volvo	126
voyager	1
vue	11
wagon	232
warner	2
white	1734
windstar	1
wolfsburg	1
work	4
works	3
wrangler	76
wrx	13
x	11
x1	25
x3	59
x5	92
x6	19
xb	7
xc	2
xc60	17
xc70	8
xc90	20
xd	3
xdrive28i	21
xdrive35i	15
xdrive50i	5
xe	5
xf	9
xj	8
xjl	4
xk	4
xkr	1
xl	41
xle	97
xlr	1
xls	9
xlt	132
xr	2
xrs	2
xterra	10
xts	6
xv	7
yaris	19
year	1
yellow	40
yukon	37
z	11
z4	1
z71	1
zdx	2
zephyr	3
zr1	1
zx2	1
